Time_s_,Acc_x_m_s_2_,Acc_y_m_s_2_,Acc_z_m_s_2_,Gyro_x_1_s_,Gyro_y_1_s_,Gyro_z_1_s_
0,-0.31992158,-0.22241573,-1.2630618,-0.6559464,-2.6989374,-2.4545672
0.002,-0.30322632,-0.21338531,-1.3231056,-0.66663516,-2.722172,-2.4735484
0.004,-0.28445446,-0.20461574,-1.3862711,-0.67792714,-2.7472394,-2.4944868
0.006,-0.2636274,-0.19622657,-1.4529947,-0.6897112,-2.77399,-2.517369
0.008,-0.24083418,-0.18823686,-1.5234706,-0.70182973,-2.802151,-2.5420804
0.01,-0.21631792,-0.1805414,-1.5980531,-0.7140831,-2.8313022,-2.5684173
0.012,-0.19033064,-0.17300278,-1.6769111,-0.7262466,-2.8609133,-2.5960975
0.014,-0.16294372,-0.16560113,-1.7603195,-0.738091,-2.890447,-2.6247725
0.016,-0.13438892,-0.15825707,-1.8480618,-0.749442,-2.919426,-2.6540408
0.018,-0.105072975,-0.15100479,-1.9400982,-0.76020217,-2.947514,-2.6834927
0.02,-0.07534151,-0.14380968,-2.0363488,-0.7703762,-2.9746299,-2.7127934
0.022,-0.045682475,-0.13658553,-2.1366813,-0.7800611,-3.001019,-2.7417414
0.024,-0.01675278,-0.12925315,-2.240821,-0.7894526,-3.027246,-2.7702615
0.026,0.010899872,-0.12169963,-2.3483744,-0.7987906,-3.0541434,-2.7983842
0.028,0.03649436,-0.113714576,-2.4588656,-0.80876386,-3.083638,-2.827087
0.03,0.059552506,-0.10526961,-2.5719767,-0.8190937,-3.1155467,-2.8555188
0.032,0.079759195,-0.09644997,-2.687124,-0.83004105,-3.1509848,-2.8841946
0.034,0.096389756,-0.08719647,-2.8033392,-0.84181565,-3.1909714,-2.913569
0.036,0.10881464,-0.07735813,-2.9198277,-0.8545505,-3.2362907,-2.9440558
0.038,0.116890654,-0.06699586,-3.0358589,-0.86831355,-3.2874756,-2.9760826
0.04,0.12003289,-0.05600846,-3.150526,-0.8831265,-3.3448844,-3.0100315
0.042,0.11783175,-0.044309974,-3.2626348,-0.8989614,-3.4086828,-3.0461755
0.044,0.11009759,-0.03189838,-3.3711553,-0.9157696,-3.4788404,-3.0846598
0.046,0.09682524,-0.018687606,-3.475007,-0.9335058,-3.5552058,-3.12548
0.048,0.07812138,-0.004639864,-3.5730445,-0.95213753,-3.6375055,-3.1684752
0.05,0.054149017,0.01034224,-3.6642187,-0.97165513,-3.725368,-3.2133675
0.052,0.02502177,0.026331306,-3.7474804,-0.9920849,-3.818336,-3.259779
0.054,-0.008947074,0.043382883,-3.8218799,-1.01348,-3.9158916,-3.3073
0.056,-0.04792645,0.06280494,-3.890658,-1.0359144,-4.0174394,-3.355537
0.058,-0.09007732,0.08281016,-3.947825,-1.0594058,-4.1223116,-3.404102
0.06,-0.13500503,0.10348165,-3.9931426,-1.0839074,-4.2297077,-3.4526706
0.062,-0.18256381,0.12509835,-4.026703,-1.1093457,-4.338836,-3.5009708
0.064,-0.23197947,0.14799249,-4.048766,-1.1356101,-4.448887,-3.5488133
0.066,-0.28236416,0.17201674,-4.0596914,-1.1625147,-4.5589266,-3.5960817
0.068,-0.3325339,0.19701982,-4.05978,-1.1898124,-4.667966,-3.6427512
0.07,-0.3817632,0.22267926,-4.0493326,-1.2171909,-4.7750025,-3.688868
0.072,-0.42904693,0.24833012,-4.0289307,-1.2443125,-4.8790503,-3.7345595
0.074,-0.47328722,0.2734555,-3.9993432,-1.2708178,-4.9791164,-3.7799478
0.076,-0.5132789,0.29704118,-3.9614277,-1.2963933,-5.074275,-3.8251555
0.078,-0.54828954,0.31861866,-3.9159927,-1.3207474,-5.163727,-3.8703532
0.08,-0.5774699,0.33773232,-3.8639977,-1.3436611,-5.2468596,-3.915734
0.082,-0.5995576,0.35362267,-3.806614,-1.3649604,-5.323226,-3.9614837
0.084,-0.61336714,0.36529934,-3.7451005,-1.3845607,-5.3926067,-4.007741
0.086,-0.61790156,0.37194824,-3.6809926,-1.4024645,-5.4549513,-4.054655
0.088,-0.6119691,0.3727963,-3.615907,-1.4187502,-5.5104094,-4.102357
0.09,-0.5945849,0.3668859,-3.5515988,-1.433556,-5.5592756,-4.1509438
0.092,-0.5647512,0.35359597,-3.489621,-1.4470332,-5.6019316,-4.2005057
0.094,-0.52200186,0.3321892,-3.431686,-1.4593549,-5.638805,-4.2510777
0.096,-0.4657022,0.3020327,-3.3791838,-1.4706931,-5.670354,-4.302655
0.098,-0.3947446,0.26236486,-3.333541,-1.4812095,-5.6970534,-4.3551826
0.1,-0.3087689,0.21273208,-3.2953405,-1.4910436,-5.71935,-4.408552
0.102,-0.20792818,0.15320969,-3.265214,-1.5003239,-5.7376995,-4.4626517
0.104,-0.09153785,0.08348662,-3.2443435,-1.5091856,-5.75255,-4.5173554
0.106,0.04113473,0.0033935308,-3.2338002,-1.5177878,-5.764427,-4.5725284
0.108,0.19049875,-0.08724195,-3.2344565,-1.5262972,-5.773903,-4.628026
0.11,0.35682946,-0.18863714,-3.247031,-1.5348792,-5.781589,-4.6837482
0.112,0.5403898,-0.30099696,-3.2721598,-1.5437655,-5.788223,-4.7396464
0.114,0.7408218,-0.4245295,-3.3102365,-1.5532286,-5.79469,-4.7956915
0.116,0.95799917,-0.55923235,-3.36122,-1.563524,-5.8018584,-4.8519053
0.118,1.1914167,-0.7050702,-3.425184,-1.5749054,-5.810652,-4.908297
0.12,1.4405469,-0.86213905,-3.5016363,-1.5876253,-5.822068,-4.964874
0.122,1.7051157,-1.0304875,-3.5904698,-1.6019205,-5.837076,-5.021622
0.124,1.9838132,-1.2100075,-3.6910336,-1.6179949,-5.8565826,-5.078495
0.126,2.2756002,-1.4006455,-3.8028202,-1.6360132,-5.8814697,-5.135369
0.128,2.5789018,-1.6021512,-3.9246554,-1.6561552,-5.9125643,-5.192106
0.13,2.8931365,-1.8144096,-4.055884,-1.6785609,-5.9506445,-5.2485037
0.132,3.2170951,-2.0374663,-4.1954455,-1.7033215,-5.996318,-5.30428
0.134,3.548916,-2.2711873,-4.3417706,-1.7305077,-6.0500813,-5.35913
0.136,3.8864076,-2.5155914,-4.493311,-1.7602112,-6.11247,-5.41269
0.138,4.228275,-2.770728,-4.648704,-1.7925295,-6.183926,-5.46454
0.14,4.572406,-3.0361369,-4.806334,-1.8275064,-6.264714,-5.5141606
0.142,4.9164453,-3.3114057,-4.9646893,-1.8651494,-6.354971,-5.5609665
0.144,5.258599,-3.5962682,-5.122508,-1.9054445,-6.454753,-5.6043167
0.146,5.596855,-3.8905058,-5.2780666,-1.9483855,-6.563961,-5.6434965
0.148,5.928872,-4.1935124,-5.4295297,-1.99392,-6.6823177,-5.6778207
0.15,6.2522197,-4.504435,-5.5749526,-2.0419812,-6.809395,-5.7066402
0.152,6.5657854,-4.823126,-5.7147155,-2.0924666,-6.9445953,-5.729422
0.154,6.867156,-5.148764,-5.8488264,-2.145197,-7.0872154,-5.7457232
0.156,7.154172,-5.4804835,-5.9767027,-2.1999822,-7.236521,-5.755247
0.158,7.424315,-5.817251,-6.0970945,-2.2565982,-7.391706,-5.757814
0.16,7.676217,-6.158161,-6.20914,-2.3147187,-7.551858,-5.753292
0.162,7.9076567,-6.5017767,-6.3117495,-2.3739467,-7.716119,-5.7416053
0.164,8.1179695,-6.8479996,-6.4041305,-2.4338093,-7.8836937,-5.7226396
0.166,8.304126,-7.1948447,-6.485627,-2.4937234,-8.053675,-5.696122
0.168,8.464676,-7.5406346,-6.556362,-2.5530372,-8.225143,-5.6616564
0.17,8.598031,-7.8840227,-6.617087,-2.6110697,-8.397161,-5.618769
0.172,8.702804,-8.223743,-6.668445,-2.6671221,-8.56877,-5.5669827
0.174,8.7775135,-8.55829,-6.7111535,-2.7205627,-8.738986,-5.5058274
0.176,8.821133,-8.885898,-6.7455826,-2.7708125,-8.90678,-5.4349213
0.178,8.832777,-9.205178,-6.7719517,-2.8173723,-9.071129,-5.353995
0.18,8.812479,-9.514956,-6.7905307,-2.8597732,-9.230942,-5.262959
0.182,8.760208,-9.814012,-6.8017435,-2.8976226,-9.385153,-5.1618843
0.184,8.675877,-10.101229,-6.806361,-2.9306395,-9.532808,-5.0510044
0.186,8.559503,-10.37503,-6.805457,-2.958625,-9.67317,-4.9306407
0.188,8.4121475,-10.634369,-6.800692,-2.9814065,-9.805533,-4.801084
0.19,8.235132,-10.878358,-6.7936125,-2.9987926,-9.929175,-4.6625233
0.192,8.029827,-11.105793,-6.7854304,-3.0106223,-10.043588,-4.5150537
0.194,7.7979546,-11.315767,-6.777333,-3.0168715,-10.148596,-4.358565
0.196,7.5421886,-11.507695,-6.7700834,-3.0176134,-10.244223,-4.1927547
0.198,7.2651987,-11.681376,-6.7646384,-3.0129886,-10.330674,-4.0172853
0.2,6.970377,-11.836671,-6.7620106,-3.0032792,-10.408598,-3.8318706
0.202,6.6610203,-11.973625,-6.763068,-2.9889612,-10.479001,-3.6362677
0.204,6.3406553,-12.091877,-6.7683735,-2.9706345,-10.543127,-3.4303749
0.206,6.0132756,-12.191519,-6.7781367,-2.948995,-10.602388,-3.2142873
0.208,5.682806,-12.272794,-6.7921586,-2.924821,-10.658209,-2.988377
0.21,5.35336,-12.336301,-6.810651,-2.8988204,-10.711849,-2.7531981
0.212,5.029294,-12.382553,-6.8333244,-2.8715787,-10.76436,-2.5094738
0.214,4.7141614,-12.41152,-6.8596344,-2.843501,-10.816471,-2.2580266
0.216,4.41148,-12.423418,-6.888883,-2.8146644,-10.868292,-1.9996569
0.218,4.1241617,-12.4179535,-6.9204817,-2.7847667,-10.919403,-1.7351578
0.22,3.8555236,-12.39567,-6.953807,-2.7531445,-10.968946,-1.4653482
0.222,3.6083455,-12.355633,-6.9882326,-2.7187803,-11.015559,-1.1910069
0.224,3.3844566,-12.296818,-7.023967,-2.6803658,-11.057436,-0.91282845
0.226,3.1855316,-12.21863,-7.0611386,-2.6364527,-11.092532,-0.63147545
0.228,3.0128827,-12.120514,-7.0994453,-2.585552,-11.11871,-0.34762645
0.23,2.8669376,-12.001465,-7.139154,-2.5262597,-11.13389,-0.061933994
0.232,2.7468376,-11.860323,-7.1804867,-2.457403,-11.136258,0.22493458
0.234,2.6518908,-11.6955805,-7.223914,-2.378178,-11.1245165,0.5123184
0.236,2.58032,-11.505806,-7.2699857,-2.2882226,-11.098013,0.7995298
0.238,2.5301971,-11.289665,-7.319784,-2.1876721,-11.056763,1.0858881
0.24,2.497878,-11.04588,-7.3736677,-2.0771897,-11.001616,1.3707325
0.242,2.4800577,-10.772961,-7.4326506,-1.9578974,-10.934231,1.6533885
0.244,2.4732325,-10.469672,-7.498,-1.8313098,-10.856952,1.933131
0.246,2.4735224,-10.134726,-7.570778,-1.6992586,-10.772652,2.20921
0.248,2.475891,-9.767193,-7.651787,-1.5637031,-10.684468,2.4808357
0.25,2.4753978,-9.3665695,-7.7417784,-1.4266388,-10.595528,2.7472775
0.252,2.4671204,-8.932295,-7.8415875,-1.2899168,-10.508708,3.0079286
0.254,2.4458113,-8.464035,-7.951869,-1.1551099,-10.426399,3.2622013
0.256,2.4066138,-7.9616795,-8.073343,-1.0235426,-10.350575,3.5094743
0.258,2.34463,-7.4256635,-8.20669,-0.8962325,-10.28259,3.7491367
0.26,2.2557473,-6.856967,-8.352326,-0.77384174,-10.223177,3.9805856
0.262,2.1349866,-6.256132,-8.508622,-0.6567607,-10.172609,4.2031794
0.264,1.9790218,-5.624646,-8.674723,-0.5451652,-10.13077,4.416217
0.266,1.7847798,-4.964467,-8.850424,-0.4390924,-10.097249,4.6189356
0.268,1.5497344,-4.2777987,-9.036051,-0.33853465,-10.071517,4.8105116
0.27,1.2711873,-3.5667908,-9.231128,-0.24350512,-10.053076,4.9901524
0.272,0.9480754,-2.834286,-9.435136,-0.15403515,-10.041514,5.15716
0.274,0.57851815,-2.081904,-9.6468315,-0.070213795,-10.0364685,5.310963
0.276,0.16343951,-1.3133013,-9.864746,0.007830083,-10.037703,5.4511647
0.278,-0.2969166,-0.53163624,-10.086592,0.07995564,-10.045043,5.5775323
0.28,-0.80170476,0.2602229,-10.309776,0.14605057,-10.058204,5.690062
0.282,-1.3491801,1.0594945,-10.531837,0.20608783,-10.076731,5.7888947
0.284,-1.9373746,1.8630233,-10.750784,0.26009318,-10.099921,5.8743095
0.286,-2.563339,2.6675916,-10.96475,0.30824745,-10.126769,5.9467263
0.288,-3.2237499,3.4701698,-11.171936,0.35084465,-10.155966,6.0066786
0.29,-3.9152422,4.267976,-11.370335,0.3883437,-10.185919,6.0548296
0.292,-4.633442,5.057992,-11.557735,0.42131004,-10.214859,6.091872
0.294,-5.3734994,5.8372498,-11.731743,0.45033062,-10.240983,6.118512
0.296,-6.130317,6.602738,-11.889777,0.47594908,-10.262555,6.135457
0.298,-6.8987403,7.351709,-12.029859,0.49862868,-10.277992,6.1434145
0.3,-7.673266,8.08143,-12.150925,0.5187118,-10.285903,6.1430383
0.302,-8.44848,8.789698,-12.25198,0.5363502,-10.28521,6.1348267
0.304,-9.219423,9.4746685,-12.331686,0.55145156,-10.275192,6.1190643
0.306,-9.981585,10.134602,-12.3895445,0.5636725,-10.25547,6.095812
0.308,-10.730628,10.768278,-12.42459,0.5724889,-10.225834,6.064961
0.31,-11.462243,11.374535,-12.4365835,0.57732034,-10.186175,6.0261574
0.312,-12.172114,11.95253,-12.426568,0.5775292,-10.13661,5.9788857
0.314,-12.856235,12.501373,-12.396247,0.57251036,-10.077296,5.922557
0.316,-13.51176,13.021099,-12.347468,0.5617887,-10.008286,5.856627
0.318,-14.136065,13.511724,-12.282016,0.5451011,-9.929548,5.7806277
0.32,-14.727389,13.973581,-12.201458,0.5223823,-9.840921,5.6942697
0.322,-15.284666,14.407033,-12.107651,0.49379814,-9.742122,5.597487
0.324,-15.807525,14.812836,-12.002466,0.4597293,-9.632716,5.490438
0.326,-16.295881,15.192211,-11.8883705,0.42069632,-9.512191,5.37345
0.328,-16.749445,15.546188,-11.768163,0.3773213,-9.380003,5.246992
0.33,-17.169231,15.876985,-11.644703,0.3302694,-9.235528,5.111646
0.332,-17.556684,16.185566,-11.520812,0.28015333,-9.07826,4.9680295
0.334,-17.912647,16.473352,-11.398973,0.22749335,-8.907734,4.816619
0.336,-18.23874,16.742224,-11.282284,0.17266989,-8.7236,4.6578074
0.338,-18.537119,16.994446,-11.173837,0.115911186,-8.525685,4.4918776
0.34,-18.809647,17.232141,-11.076429,0.057326198,-8.313949,4.319057
0.342,-19.057575,17.457024,-10.992863,-0.0030401945,-8.088495,4.1394815
0.344,-19.282654,17.6709,-10.926133,-0.06524241,-7.849645,3.9532132
0.346,-19.486,17.875414,-10.878585,-0.129372,-7.5979257,3.7602267
0.348,-19.668356,18.072132,-10.852342,-0.19555914,-7.333998,3.560478
0.35,-19.830326,18.2627,-10.849545,-0.26390958,-7.058654,3.353949
0.352,-19.97229,18.448532,-10.871877,-0.33450842,-6.7727737,3.140687
0.354,-20.093758,18.630842,-10.920824,-0.40737224,-6.4772797,2.920804
0.356,-20.194035,18.810627,-10.997761,-0.48244095,-6.173154,2.6945128
0.358,-20.272104,18.989063,-11.103616,-0.5595732,-5.8614264,2.4620862
0.36,-20.326317,19.167126,-11.2393675,-0.63853407,-5.543195,2.2238245
0.362,-20.354683,19.345512,-11.4057255,-0.71904516,-5.219555,1.9800081
0.364,-20.354734,19.524956,-11.603224,-0.800737,-4.8915887,1.7309093
0.366,-20.323238,19.705692,-11.832033,-0.8831909,-4.5603704,1.4767723
0.368,-20.257406,19.888609,-12.092175,-0.96591306,-4.226919,1.2178212
0.37,-20.154299,20.074472,-12.382755,-1.0483083,-3.8921373,0.954231
0.372,-20.010271,20.263844,-12.703327,-1.1297218,-3.5568197,0.68614745
0.374,-19.821724,20.457518,-13.0529175,-1.2094418,-3.2216632,0.4137231
0.376,-19.585438,20.656698,-13.430242,-1.2867472,-2.8872623,0.13709962
0.378,-19.297535,20.861279,-13.834635,-1.3608747,-2.5541077,-0.14354622
0.38,-18.954142,21.07079,-14.264725,-1.4310598,-2.2225864,-0.42798787
0.382,-18.552723,21.286644,-14.718348,-1.4965694,-1.8931466,-0.7159985
0.384,-18.090698,21.509716,-15.193239,-1.5567353,-1.5663271,-1.0073671
0.386,-17.564165,21.739365,-15.687642,-1.6109227,-1.2426198,-1.3018601
0.388,-16.970247,21.975546,-16.19863,-1.6585927,-0.9226626,-1.5992397
0.39,-16.306078,22.218107,-16.7232,-1.6992503,-0.607205,-1.8993362
0.392,-15.569404,22.466597,-17.25869,-1.732476,-0.2970078,-2.202052
0.394,-14.75798,22.72039,-17.802235,-1.7579048,0.0070716143,-2.5073237
0.396,-13.870299,22.978584,-18.350521,-1.775255,0.30416024,-2.815075
0.398,-12.905795,23.238737,-18.902132,-1.7842226,0.5933881,-3.1252813
0.4,-11.866697,23.502651,-19.45588,-1.7844924,0.8738538,-3.4379683
0.402,-10.755659,23.768723,-20.004116,-1.7757766,1.144589,-3.7532396
0.404,-9.566262,24.032125,-20.545399,-1.7578118,1.4045726,-4.071337
0.406,-8.303122,24.292368,-21.074661,-1.7303275,1.6527444,-4.392685
0.408,-6.9697137,24.549177,-21.589783,-1.6931343,1.887762,-4.7177253
0.41,-5.568261,24.800701,-22.08802,-1.646161,2.1081216,-5.046682
0.412,-4.1039762,25.045475,-22.565248,-1.5893124,2.3124557,-5.3796644
0.414,-2.5814803,25.281704,-23.018332,-1.5225576,2.4993782,-5.7168055
0.416,-1.004849,25.5071,-23.44593,-1.4459758,2.667344,-6.0579615
0.418,0.6202798,25.720028,-23.84665,-1.3597796,2.814777,-6.402659
0.42,2.2861552,25.92002,-24.21742,-1.2642322,2.940253,-6.750184
0.422,3.9853308,26.105936,-24.554474,-1.1596802,3.0425525,-7.0995007
0.424,5.7103806,26.276628,-24.854664,-1.0465764,3.120633,-7.4492483
0.426,7.453908,26.431442,-25.115677,-0.92551875,3.173625,-7.7978525
0.428,9.208272,26.570425,-25.335497,-0.79714954,3.201235,-8.143654
0.43,10.965952,26.694004,-25.512463,-0.6619632,3.203737,-8.484963
0.432,12.719897,26.802485,-25.644552,-0.52104247,3.1809533,-8.820125
0.434,14.463193,26.896477,-25.730183,-0.37537813,3.133455,-9.147497
0.436,16.189327,26.97684,-25.767391,-0.22589314,3.0624704,-9.465641
0.438,17.892199,27.044542,-25.754452,-0.073406816,2.9697306,-9.773731
0.44,19.566902,27.100536,-25.68959,0.081267476,2.856825,-10.0712185
0.442,21.209616,27.145992,-25.571007,0.23723197,2.7252703,-10.357881
0.444,22.817066,27.182165,-25.397583,0.3936931,2.576993,-10.633741
0.446,24.386578,27.21038,-25.168293,0.54998565,2.414113,-10.898903
0.448,25.917686,27.231178,-24.882603,0.70548093,2.2385073,-11.153517
0.45,27.409565,27.245518,-24.540253,0.8595866,2.0518904,-11.397868
0.452,28.862307,27.254183,-24.141136,1.0116562,1.8559079,-11.632158
0.454,30.27733,27.257536,-23.685667,1.1610461,1.6521521,-11.8565235
0.456,31.656384,27.255669,-23.175215,1.3071448,1.4421659,-12.071136
0.458,33.001873,27.248224,-22.611061,1.4493456,1.2274275,-12.2762785
0.46,34.31683,27.234459,-21.994743,1.5870019,1.0093584,-12.472349
0.462,35.60479,27.21315,-21.32826,1.7194881,0.7895293,-12.659935
0.464,36.869675,27.18293,-20.613716,1.8462179,0.56947756,-12.839771
0.466,38.11505,27.142372,-19.853592,1.9664656,0.350492,-13.012394
0.468,39.344887,27.089481,-19.050611,2.079496,0.133811,-13.178046
0.47,40.563145,27.022331,-18.207922,2.1845853,-0.07924843,-13.33686
0.472,41.773308,26.938808,-17.328686,2.2809877,-0.2874875,-13.488821
0.474,42.97862,26.836536,-16.4164,2.3679605,-0.48983955,-13.63361
0.476,44.181732,26.713352,-15.474745,2.4448202,-0.68538713,-13.770847
0.478,45.38546,26.566763,-14.507385,2.5110474,-0.8732891,-13.900145
0.48,46.59233,26.394434,-13.518839,2.5663335,-1.0527382,-14.02121
0.482,47.804165,26.19421,-12.5131645,2.6105254,-1.2232752,-14.133914
0.484,49.02281,25.963577,-11.494398,2.643534,-1.3845711,-14.2383995
0.486,50.249886,25.700287,-10.466935,2.6658742,-1.5357919,-14.335107
0.488,51.48624,25.403484,-9.434138,2.6778774,-1.6768522,-14.424685
0.49,52.732098,25.072208,-8.39995,2.6798253,-1.8079209,-14.507694
0.492,53.988697,24.70394,-7.3686657,2.6720116,-1.9292207,-14.584425
0.494,55.25615,24.297287,-6.3444242,2.6547713,-2.0405989,-14.655161
0.496,56.53293,23.85257,-5.330747,2.6284647,-2.1419344,-14.720072
0.498,57.81811,23.369516,-4.332079,2.593268,-2.2335687,-14.779187
0.5,59.110172,22.848122,-3.3523228,2.5491781,-2.3159165,-14.832432
0.502,60.407677,22.288763,-2.3946552,2.4961529,-2.3891187,-14.879614
0.504,61.709225,21.691826,-1.4621706,2.4341247,-2.453267,-14.920301
0.506,63.01279,21.058455,-0.5586834,2.3630009,-2.5084643,-14.953991
0.508,64.31655,20.39089,0.31418085,2.2826638,-2.554718,-14.980112
0.51,65.62013,19.687645,1.1541936,2.1930068,-2.591888,-14.997997
0.512,66.92134,18.951433,1.9541168,2.093986,-2.6196337,-15.006915
0.514,68.20991,18.187004,2.7137141,1.9856539,-2.637381,-15.006123
0.516,69.48693,17.3942,3.4295177,1.8681943,-2.6444397,-14.994947
0.518,70.75034,16.57336,4.101774,1.7419009,-2.6399245,-14.972902
0.52,71.99569,15.727287,4.7298956,1.607183,-2.6228743,-14.939646
0.522,73.22098,14.858048,5.311655,1.4645271,-2.5922942,-14.8949585
0.524,74.4232,13.9681015,5.845868,1.3144684,-2.5473099,-14.838738
0.526,75.59821,13.060595,6.333642,1.1575541,-2.4871879,-14.770931
0.528,76.743256,12.137852,6.7753563,0.99427557,-2.4115,-14.691489
0.53,77.856834,11.201277,7.1699123,0.825047,-2.3200526,-14.600239
0.532,78.936195,10.253235,7.516779,0.65020895,-2.2128487,-14.496912
0.534,79.97853,9.296127,7.8165817,0.47002697,-2.0901089,-14.381144
0.536,80.98144,8.33173,8.070822,0.28470373,-1.9521122,-14.252375
0.538,81.9433,7.361578,8.281197,0.09440279,-1.7991822,-14.110016
0.54,82.86324,6.3870716,8.449636,-0.100756645,-1.6315491,-13.953466
0.542,83.74058,5.409855,8.577505,-0.3006425,-1.449326,-13.782257
0.544,84.57425,4.4312687,8.666405,-0.50510883,-1.25245,-13.596091
0.546,85.36333,3.4529,8.717503,-0.71403694,-1.0407045,-13.394817
0.548,86.10713,2.4764824,8.732485,-0.9272742,-0.8136847,-13.178505
0.55,86.80545,1.5034275,8.712675,-1.14467,-0.5708525,-12.9473915
0.552,87.4584,0.53560066,8.659872,-1.3660893,-0.3116312,-12.701989
0.554,88.06659,-0.42546463,8.575958,-1.5913911,-0.035488605,-12.443036
0.556,88.63107,-1.3784676,8.462364,-1.8205037,0.25797153,-12.171478
0.558,89.151985,-2.3216553,8.319725,-2.0534093,0.56896853,-11.888454
0.56,89.6305,-3.2535133,8.149277,-2.2901425,0.89752734,-11.595311
0.562,90.06796,-4.1721954,7.951767,-2.5308344,1.243421,-11.293505
0.564,90.465805,-5.0756645,7.7277718,-2.7757237,1.6062018,-10.984477
0.566,90.82562,-5.9616966,7.4782143,-3.025161,1.9853485,-10.669598
0.568,91.14932,-6.828211,7.20356,-3.2796376,2.3801997,-10.350158
0.57,91.438995,-7.6731186,6.904003,-3.5397553,2.7899787,-10.0274105
0.572,91.69703,-8.494011,6.579441,-3.8062534,3.2138333,-9.70255
0.574,91.92609,-9.288668,6.230034,-4.0800085,3.6507134,-9.376766
0.576,92.13013,-10.05507,5.8559723,-4.3620353,4.099357,-9.05127
0.578,92.31361,-10.790893,5.4571457,-4.653456,4.5583344,-8.727401
0.58,92.480804,-11.493656,5.0335503,-4.9554276,5.0261145,-8.406531
0.582,92.63651,-12.160536,4.584816,-5.2690353,5.5012026,-8.090138
0.584,92.786194,-12.788627,4.1105995,-5.595164,5.9823055,-7.7797055
0.586,92.93582,-13.375104,3.610859,-5.9344816,6.468246,-7.4765773
0.588,93.09246,-13.917164,3.08601,-6.287421,6.9580054,-7.1817665
0.59,93.26224,-14.411477,2.536419,-6.6541185,7.4507575,-6.8958573
0.592,93.451515,-14.853986,1.9628448,-7.03451,7.9458313,-6.6189733
0.594,93.66812,-15.241341,1.3660011,-7.4283924,8.442432,-6.3508463
0.596,93.92086,-15.57077,0.7468071,-7.8354526,8.939435,-6.090861
0.598,94.218346,-15.839431,0.10601425,-8.2554,9.435307,-5.8381367
0.6,94.56934,-16.043447,-0.5557327,-8.68799,9.928052,-5.5916834
0.602,94.98153,-16.178284,-1.2374535,-9.133127,10.414984,-5.350541
0.604,95.46319,-16.239502,-1.9378624,-9.590854,10.892813,-5.1138687
0.606,96.022804,-16.221952,-2.6547012,-10.061375,11.357743,-4.880892
0.608,96.66698,-16.11858,-3.385788,-10.545091,11.805557,-4.6508846
0.61,97.4027,-15.921835,-4.128565,-11.042499,12.231768,-4.423047
0.612,98.23755,-15.623846,-4.883173,-11.554194,12.631835,-4.1963587
0.614,99.177155,-15.21158,-5.647257,-12.0808525,13.001353,-3.9693193
0.616,100.22032,-14.664865,-6.4256115,-12.623196,13.336174,-3.7397625
0.618,101.37341,-13.971489,-7.2126827,-13.18203,13.632529,-3.5047152
0.62,102.65797,-13.136784,-8.011133,-13.75824,13.887038,-3.2603083
0.622,104.07905,-12.148791,-8.823494,-14.352715,14.096985,-3.0019002
0.624,105.634094,-10.979942,-9.649114,-14.966244,14.260383,-2.7240644
0.626,107.3282,-9.608167,-10.478701,-15.599449,14.375987,-2.420742
0.628,109.169106,-8.012415,-11.31176,-16.252754,14.443307,-2.0854905
0.63,111.1653,-6.1702394,-12.142462,-16.926165,14.462617,-1.7117708
0.632,113.31956,-4.058114,-12.977,-17.619131,14.434971,-1.2931923
0.634,115.649315,-1.691329,-13.810754,-18.330475,14.362225,-0.8238574
0.636,118.15497,0.9438162,-14.627623,-19.05827,14.246917,-0.29841197
0.638,120.83551,3.8959742,-15.415743,-19.799751,14.092162,0.28758168
0.64,123.71369,7.212945,-16.143738,-20.551155,13.901873,0.9374101
0.642,126.783775,10.903338,-16.836554,-21.30789,13.680588,1.653219
0.644,130.04926,14.976391,-17.504675,-22.064987,13.432476,2.4357715
0.646,133.52003,19.484154,-18.200611,-22.81643,13.161487,3.2843938
0.648,137.15973,24.467403,-18.939793,-23.55571,12.871047,4.1973343
0.65,140.95544,29.909687,-19.660812,-24.27645,12.564104,5.1734104
0.652,145.00093,35.7174,-20.406742,-24.972313,12.241996,6.2105384
0.654,149.33249,41.859104,-21.194073,-25.637049,11.903433,7.3038316
0.656,153.93936,48.381004,-21.96072,-26.264751,11.544693,8.447564
0.658,158.80377,55.30253,-22.633717,-26.84962,11.160311,9.6361065
0.66,163.92734,62.590538,-23.200169,-27.387371,10.740831,10.862508
0.662,169.31401,70.2164,-23.685219,-27.875013,10.2723055,12.117416
0.664,174.96191,78.13457,-24.049206,-28.310747,9.736263,13.392102
0.666,180.85593,86.25577,-24.256863,-28.69601,9.10855,14.682749
0.668,186.99023,94.52382,-24.294312,-29.033867,8.360159,15.9878645
0.67,193.35664,102.87984,-24.155834,-29.328945,7.4573097,17.306747
0.672,199.90201,111.25491,-23.816732,-29.58475,6.364462,18.640635
0.674,206.54305,119.570435,-23.279848,-29.800896,5.046175,19.994543
0.676,213.25076,127.7307,-22.518736,-29.978195,3.4667406,21.373466
0.678,220.02539,135.60347,-21.48127,-30.1171,1.5896635,22.772726
0.68,226.80466,143.0836,-20.107645,-30.21783,-0.6164007,24.18778
0.682,233.48956,150.089,-18.3654,-30.285841,-3.1695633,25.634628
0.684,239.98602,156.51065,-16.211218,-30.327518,-6.059185,27.125767
0.686,246.24133,162.20236,-13.592875,-30.344353,-9.259527,28.659273
0.688,252.23158,167.05104,-10.457787,-30.346594,-12.749868,30.218676
0.69,257.83798,171.02036,-6.7598596,-30.345896,-16.501991,31.770714
0.692,262.95825,174.0629,-2.469378,-30.340406,-20.45167,33.238853
0.694,267.53534,176.09325,2.458868,-30.34966,-24.527885,34.5646
0.696,271.48584,177.03998,8.067966,-30.416645,-28.644474,35.674744
0.698,274.71664,176.85513,14.381523,-30.57817,-32.711166,36.47687
0.7,277.14716,175.50894,21.400993,-30.851597,-36.63427,36.867954
0.702,278.70212,172.99622,29.102213,-31.243553,-40.31636,36.747467
0.704,279.3112,169.33961,37.436024,-31.743973,-43.66298,36.023743
0.706,278.90607,164.58916,46.33281,-32.311714,-46.584896,34.618286
0.708,277.44153,158.80405,55.728798,-32.87103,-49.003197,32.474663
0.71,274.90997,152.05377,65.510086,-33.316025,-50.845856,29.562668
0.712,271.32986,144.42264,75.529,-33.522892,-52.044304,25.886047
0.714,266.7255,136.01556,85.62173,-33.365356,-52.54013,21.495558
0.716,261.1499,126.94862,95.6075,-32.729187,-52.289814,16.502123
0.718,254.67679,117.35031,105.287735,-31.52536,-51.267193,11.065573
0.72,247.39359,107.364944,114.446884,-29.700699,-49.4627,5.369877
0.722,239.40974,97.14247,122.87379,-27.244446,-46.886368,-0.37347603
0.724,230.85757,86.82678,130.36626,-24.189177,-43.573086,-5.928879
0.726,221.8894,76.55493,136.74458,-20.606981,-39.583046,-11.055
0.728,212.65039,66.47321,141.8373,-16.599411,-34.99808,-15.523174
0.73,203.27522,56.737595,145.51227,-12.281658,-29.916868,-19.130026
0.732,193.91617,47.475372,147.67366,-7.774584,-24.450588,-21.708584
0.734,184.72296,38.794434,148.2685,-3.1958504,-18.722782,-23.154531
0.736,175.82677,30.797272,147.2774,1.349247,-12.866771,-23.446712
0.738,167.34305,23.567337,144.72293,5.7621393,-7.02722,-22.623524
0.74,159.3659,17.164635,140.66028,9.9518585,-1.3346399,-20.779528
0.742,151.9735,11.630875,135.1907,13.85378,4.106311,-18.065817
0.744,145.21289,7.0133286,128.43643,17.418322,9.195083,-14.681867
0.746,139.12134,3.3038712,120.53476,20.602129,13.820543,-10.845629
0.748,133.70813,0.44761658,111.65539,23.398834,17.899723,-6.8247
0.75,128.93974,-1.612999,101.96839,25.822073,21.367498,-2.863837
0.752,124.79106,-2.9075623,91.7015,27.87653,24.186665,0.8328762
0.754,121.207855,-3.4838562,81.056885,29.561724,26.343348,4.1054745
0.756,118.12012,-3.4316444,70.25885,30.890293,27.844923,6.839652
0.758,115.487274,-2.8210068,59.473763,31.881489,28.723879,8.972579
0.76,113.228836,-1.6725883,48.795372,32.548668,29.033533,10.495603
0.762,111.179085,0.033241272,38.413414,32.900146,28.843506,11.445503
0.764,109.26166,2.2239456,28.458546,32.944115,28.228796,11.89556
0.766,107.44804,4.763588,18.977678,32.691273,27.264069,11.94331
0.768,105.706726,7.569435,10.019825,32.15488,26.024279,11.697219
0.77,103.98575,10.6153145,1.6880498,31.347898,24.577826,11.266307
0.772,102.23959,13.864548,-5.9084477,30.283222,22.979721,10.764402
0.774,100.436165,17.292439,-12.747192,28.975632,21.266668,10.311604
0.776,98.56156,20.901241,-18.805416,27.442093,19.458443,10.009472
0.778,96.59723,24.647198,-24.050087,25.705389,17.56484,9.927237
0.78,94.53293,28.488632,-28.459398,23.794239,15.587968,10.101507
0.782,92.398506,32.391586,-32.04214,21.743425,13.526546,10.536601
0.784,90.23258,36.327137,-34.793106,19.593817,11.381995,11.205244
0.786,88.01091,40.275326,-36.748425,17.391064,9.163075,12.051941
0.788,85.69435,44.235306,-37.965664,15.183761,6.8879333,13.000531
0.79,83.31134,48.164207,-38.502407,13.020954,4.583824,13.964294
0.792,80.90613,52.001076,-38.388638,10.951307,2.2863584,14.855444
0.794,78.49618,55.716633,-37.67167,9.016981,0.03385091,15.592809
0.796,76.05476,59.30897,-36.408905,7.2476635,-2.1362023,16.110762
0.798,73.54235,62.737312,-34.658195,5.663053,-4.1893196,16.369467
0.8,71.01263,65.908516,-32.4748,4.2744455,-6.097059,16.358751
0.802,68.48419,68.77641,-29.907267,3.0850706,-7.8392344,16.095633
0.804,65.93236,71.34941,-27.027018,2.0915003,-9.404169,15.619075
0.806,63.367146,73.629,-23.906624,1.2849078,-10.787658,14.982551
0.808,60.80774,75.606575,-20.6064,0.6522584,-11.99147,14.245324
0.81,58.26246,77.275604,-17.177088,0.1780448,-13.0216465,13.464149
0.812,55.740376,78.62751,-13.663479,-0.15416527,-13.887518,12.6866
0.814,53.252415,79.654945,-10.107873,-0.359972,-14.5996685,11.947025
0.816,50.814957,80.353745,-6.5555286,-0.45371437,-15.168104,11.265185
0.818,48.43243,80.7375,-3.0718956,-0.4492116,-15.602382,10.647032
0.82,46.09231,80.83018,0.31300354,-0.358716,-15.912008,10.088568
0.822,43.784626,80.65693,3.5795574,-0.19191647,-16.104063,9.57905
0.824,41.517197,80.2392,6.70335,0.043346882,-16.183273,9.103704
0.826,39.290916,79.60035,9.662471,0.34043908,-16.153032,8.648
0.828,37.110367,78.76209,12.442753,0.694262,-16.015364,8.200507
0.83,34.984406,77.74093,15.039468,1.1003194,-15.771489,7.754181
0.832,32.91578,76.55613,17.444622,1.5538162,-15.422901,7.3073854
0.834,30.902758,75.232216,19.646671,2.0495105,-14.972061,6.863668
0.836,28.94336,73.79353,21.635067,2.5811253,-14.422512,6.4301243
0.838,27.043127,72.25941,23.404442,3.1412973,-13.779564,6.016094
0.84,25.209097,70.64448,24.948645,3.7214844,-13.050953,5.632064
0.842,23.446932,68.961006,26.260605,4.312048,-12.247067,5.2882957
0.844,21.760962,67.219025,27.331059,4.9025154,-11.380892,4.9936366
0.846,20.151894,65.43143,28.157642,5.4819036,-10.467594,4.7545595
0.848,18.619608,63.6159,28.7514,6.039248,-9.524084,4.5743847
0.85,17.167019,61.79193,29.12579,6.5641036,-8.56814,4.4528713
0.852,15.795803,59.975193,29.295547,7.047023,-7.617558,4.386302
0.854,14.503539,58.183468,29.275692,7.480041,-6.689163,4.368103
0.856,13.292057,56.428917,29.085835,7.857006,-5.798005,4.3897433
0.858,12.164167,54.723206,28.742908,8.173855,-4.9566116,4.441674
0.86,11.12051,53.076687,28.266449,8.428639,-4.1745853,4.5141907
0.862,10.161482,51.49524,27.677753,8.621429,-3.4584568,4.598228
0.864,9.284842,49.980648,26.996449,8.754032,-2.81179,4.6859274
0.866,8.485224,48.529884,26.24093,8.82969,-2.235423,4.770914
0.868,7.756031,47.138206,25.42788,8.852723,-1.7279141,4.848347
0.87,7.091097,45.799934,24.574419,8.82811,-1.2861267,4.914905
0.872,6.48481,44.51033,23.696817,8.761116,-0.9059093,4.9685698
0.874,5.932022,43.266445,22.810719,8.657085,-0.58236444,5.008284
0.876,5.428358,42.066788,21.931255,8.521234,-0.31032413,5.033781
0.878,4.9704647,40.910213,21.072132,8.358443,-0.084796906,5.045332
0.88,4.5549793,39.796036,20.24511,8.17316,0.098869085,5.043563
0.882,4.178385,38.722733,19.45998,7.96933,0.24485177,5.0293856
0.884,3.8374329,37.68856,18.725618,7.7504635,0.3568465,5.0039253
0.886,3.5283852,36.691948,18.048965,7.519688,0.4381305,4.968325
0.888,3.247408,35.730923,17.43506,7.2797885,0.49161178,4.9236465
0.89,2.9913673,34.803146,16.887272,7.033289,0.5199781,4.8708334
0.892,2.7568607,33.907,16.407516,6.7825127,0.5258409,4.810739
0.894,2.5412903,33.04078,15.996561,6.5296593,0.51187754,4.744086
0.896,2.341918,32.203,15.654181,6.276793,0.48089886,4.6715264
0.898,2.156743,31.391891,15.3786745,6.025895,0.43592018,4.593645
0.9,1.982832,30.606998,15.168491,5.7788258,0.38013527,4.510974
0.902,1.8189878,29.846802,15.020529,5.5372963,0.31686115,4.424034
0.904,1.6635857,29.109755,14.930972,5.3028283,0.24945441,4.3333874
0.906,1.5147705,28.394775,14.894327,5.0767455,0.18125895,4.239646
0.908,1.3711529,27.700974,14.904476,4.860138,0.11543715,4.1434298
0.91,1.2316942,27.02741,14.954725,4.65382,0.054867193,4.045418
0.912,1.0953913,26.373688,15.037963,4.458324,0.0020336807,3.946336
0.914,0.9617939,25.740107,15.1464405,4.273886,-0.041082576,3.8469474
0.916,0.83039284,25.12694,15.272948,4.100435,-0.073088065,3.748067
0.918,0.701004,24.534883,15.410394,3.937641,-0.09321135,3.6505578
0.92,0.5733776,23.964397,15.552473,3.7849104,-0.10134195,3.5552735
0.922,0.4473505,23.416,15.69349,3.64143,-0.09795658,3.463068
0.924,0.3226614,22.890158,15.828329,3.506234,-0.08405503,3.3747406
0.926,0.1989584,22.387177,15.952366,3.37826,-0.061024882,3.2910125
0.928,0.07592106,21.907618,16.061789,3.2563815,-0.030531872,3.212484
0.93,-0.046860695,21.451624,16.153507,3.1394665,0.0055984734,3.1395605
0.932,-0.1697464,21.019295,16.225386,3.02642,0.045549214,3.0724492
0.934,-0.292943,20.610798,16.275883,2.916198,0.08759415,3.0111318
0.936,-0.4169178,20.225857,16.304077,2.8078618,0.1301914,2.9553595
0.938,-0.5419922,19.864227,16.309608,2.700555,0.17202753,2.9046955
0.94,-0.668602,19.525505,16.29259,2.593529,0.21207125,2.8585305
0.942,-0.7966919,19.20894,16.253643,2.486147,0.2495737,2.8161466
0.944,-0.92657757,18.913708,16.193668,2.3778527,0.28403607,2.7767553
0.946,-1.0584173,18.638723,16.114094,2.2681558,0.31514716,2.7395449
0.948,-1.1921635,18.382746,16.016457,2.156648,0.3427724,2.7037482
0.95,-1.3278999,18.144379,15.902763,2.0429847,0.36690167,2.6687
0.952,-1.4654102,17.922226,15.775074,1.9268644,0.38759553,2.6338437
0.954,-1.6044197,17.71486,15.635345,1.8080199,0.40495634,2.598793
0.956,-1.7445049,17.520737,15.485628,1.686232,0.41910636,2.5633163
0.958,-1.8853927,17.338593,15.328001,1.5613266,0.43016952,2.5273304
0.96,-2.026288,17.166729,15.164645,1.4331529,0.4382167,2.4908822
0.962,-2.1662736,17.003736,14.997506,1.3016112,0.44334722,2.4541035
0.964,-2.3050103,16.84818,14.828579,1.1666802,0.44564363,2.4171753
0.966,-2.4415746,16.69858,14.659755,1.0283645,0.44519067,2.3802614
0.968,-2.5752048,16.55371,14.492617,0.8867462,0.44207433,2.3434927
0.97,-2.7051616,16.412533,14.328617,0.7419752,0.43643358,2.3068812
0.972,-2.8305378,16.273907,14.168808,0.5942819,0.4284355,2.2702596
0.974,-2.9503903,16.136747,14.01439,0.44399402,0.41832888,2.2332866
0.976,-3.063837,16.00016,13.866205,0.29152134,0.40644002,2.1954262
0.978,-3.1713367,15.8637085,13.724578,0.13734263,0.39317787,2.1559777
0.98,-3.2705188,15.7259,13.589916,-0.01801461,0.3790295,2.1141276
0.982,-3.3599539,15.586279,13.462509,-0.17398801,0.36455572,2.0690193
0.984,-3.440524,15.444583,13.341368,-0.33000755,0.35039008,2.0198133
0.986,-3.5113716,15.299771,13.226198,-0.48553568,0.33719182,1.9657545
0.988,-3.5710225,15.151521,13.116603,-0.6400607,0.32560676,1.9062495
0.99,-3.6189418,14.999611,13.0113735,-0.7931644,0.3161946,1.8409333
0.992,-3.6549206,14.843764,12.909852,-0.9445164,0.30941403,1.7696908
0.994,-3.6787121,14.683793,12.811144,-1.093894,0.30557746,1.6926874
0.996,-3.6899974,14.519635,12.714373,-1.2412,0.3048427,1.6103296
0.998,-3.6882887,14.351412,12.618671,-1.3864386,0.3072399,1.5232172
1,-3.6737947,14.179399,12.523275,-1.5296999,0.31267464,1.432101
1.002,-3.6462755,14.003963,12.427429,-1.6711819,0.32094473,1.3378198
1.004,-3.6059456,13.825644,12.330496,-1.811125,0.3317846,1.2412179
1.006,-3.5529585,13.645085,12.232158,-1.9497705,0.34491682,1.1431084
1.008,-3.4874306,13.463145,12.132145,-2.0873554,0.36001492,1.0441995
1.01,-3.4098203,13.28067,12.030357,-2.2241714,0.37677795,0.945236
1.012,-3.3206453,13.098553,11.926981,-2.360296,0.3951075,0.84671706
1.014,-3.220407,12.917817,11.82206,-2.495815,0.41472685,0.7489551
1.016,-3.1097846,12.73945,11.71599,-2.6308773,0.4353282,0.6523691
1.018,-2.9894981,12.564408,11.609089,-2.7654471,0.45683712,0.55728203
1.02,-2.8602202,12.393666,11.501841,-2.8994138,0.47915608,0.46382344
1.022,-2.722661,12.228299,11.39456,-3.0326385,0.5022143,0.3720386
1.024,-2.5777388,12.069202,11.287846,-3.164943,0.5260133,0.2819683
1.026,-2.4261532,11.917282,11.182009,-3.2961352,0.5506098,0.19363809
1.028,-2.2688503,11.773301,11.077747,-3.4260328,0.5760418,0.10705811
1.03,-2.1063557,11.638071,10.975344,-3.5544376,0.60237396,0.022227466
1.032,-1.9395895,11.512234,10.875256,-3.6811392,0.6297095,-0.06083566
1.034,-1.7691536,11.396368,10.777859,-3.805919,0.6581626,-0.14210415
1.036,-1.5956254,11.29103,10.683523,-3.9285355,0.68785745,-0.22152549
1.038,-1.4194784,11.196517,10.5922575,-4.0487404,0.7189598,-0.29903638
1.04,-1.2414021,11.113147,10.504201,-4.1662526,0.7516766,-0.37455416
1.042,-1.0617108,11.041193,10.419277,-4.280794,0.7862754,-0.44802022
1.044,-0.8809352,10.980814,10.337394,-4.3920555,0.8231387,-0.5194113
1.046,-0.69929886,10.932175,10.258339,-4.499723,0.86270136,-0.58874214
1.048,-0.51704407,10.895254,10.181869,-4.603473,0.90550005,-0.65607023
1.05,-0.33441305,10.869878,10.107444,-4.70297,0.9521473,-0.7214956
1.052,-0.15191889,10.856027,10.034386,-4.7978816,1.0032746,-0.7851589
1.054,0.030482769,10.853444,9.961737,-4.8878765,1.059555,-0.8472476
1.056,0.21271992,10.861962,9.888436,-4.9725957,1.1216593,-0.9079925
1.058,0.3947611,10.881296,9.813483,-5.051709,1.190214,-0.96763766
1.06,0.5766082,10.911103,9.735643,-5.124918,1.2657613,-1.026452
1.062,0.7582855,10.950915,9.653795,-5.19196,1.3487564,-1.0846921
1.064,0.93991804,11.0002775,9.566856,-5.252619,1.4394896,-1.1426805
1.066,1.121593,11.058817,9.473764,-5.3069234,1.5379624,-1.2005302
1.068,1.3035483,11.125892,9.373488,-5.3548975,1.6442379,-1.2583176
1.07,1.4859438,11.201223,9.264866,-5.3966255,1.7581257,-1.3162392
1.072,1.668859,11.284274,9.147057,-5.4324665,1.8790624,-1.3743523
1.074,1.8529153,11.374522,9.019247,-5.462806,2.0064497,-1.4325321
1.076,2.0381265,11.471481,8.880786,-5.488085,2.1395605,-1.4906744
1.078,2.224823,11.574578,8.731201,-5.508732,2.277508,-1.5487348
1.08,2.413437,11.683218,8.570144,-5.5251455,2.419358,-1.6066966
1.082,2.6041403,11.79681,8.397505,-5.53767,2.5641706,-1.6646116
1.084,2.797257,11.9148655,8.213219,-5.5465937,2.7110085,-1.7225558
1.086,2.9929385,12.036738,8.017434,-5.5521474,2.858951,-1.7806582
1.088,3.1923761,12.161548,7.810705,-5.5545063,3.0071223,-1.839076
1.09,3.3940983,12.289339,7.5934753,-5.5538225,3.1546764,-1.8979843
1.092,3.5981226,12.419182,7.3662314,-5.550257,3.3008022,-1.9575508
1.094,3.8060222,12.550185,7.1304555,-5.544005,3.4447098,-2.0179098
1.096,4.017571,12.682148,6.8868837,-5.53529,3.5856152,-2.079174
1.098,4.231658,12.814377,6.636372,-5.5243945,3.7227433,-2.141415
1.1,4.4481597,12.946167,6.3804502,-5.5116534,3.8553529,-2.2046885
1.102,4.667329,13.076931,6.1202703,-5.4974446,3.9827292,-2.269048
1.104,4.888704,13.2063465,5.8570232,-5.4821377,4.1042423,-2.3345435
1.106,5.1116943,13.333919,5.592042,-5.466079,4.219399,-2.4012158
1.108,5.335503,13.459288,5.326709,-5.4495792,4.3278594,-2.4691133
1.11,5.5597143,13.582118,5.062107,-5.432893,4.4294405,-2.5382614
1.112,5.7835712,13.702287,4.7994323,-5.416179,4.5241966,-2.608643
1.114,6.006287,13.819677,4.5396037,-5.3995295,4.6123877,-2.680163
1.116,6.2273006,13.934103,4.2835417,-5.3829565,4.6944776,-2.7526608
1.118,6.4459248,14.0456085,4.03207,-5.366361,4.7711434,-2.8258984
1.12,6.6615124,14.154191,3.7857184,-5.3496118,4.843191,-2.8995657
1.122,6.8735943,14.260038,3.5450647,-5.332532,4.9115396,-2.9732509
1.124,7.081634,14.363278,3.3103323,-5.31494,4.9771247,-3.046494
1.126,7.285241,14.463936,3.0817518,-5.296665,5.040901,-3.1187599
1.128,7.4839683,14.562051,2.8593516,-5.277562,5.103733,-3.1895108
1.13,7.6774135,14.657589,2.6430087,-5.257469,5.166394,-3.2582855
1.132,7.865426,14.750341,2.4327226,-5.236288,5.229534,-3.3246403
1.134,8.047994,14.840012,2.2281394,-5.213917,5.2936635,-3.388194
1.136,8.224986,14.926341,2.029011,-5.1902256,5.3591924,-3.4486423
1.138,8.396403,15.008978,1.8347995,-5.165036,5.4264007,-3.5058727
1.14,8.562182,15.087548,1.6450299,-5.138106,5.4954915,-3.5599005
1.142,8.722795,15.161475,1.4593215,-5.109153,5.5666122,-3.6108656
1.144,8.878162,15.230277,1.2771404,-5.0778027,5.6398873,-3.6590297
1.146,9.028533,15.29336,1.0980378,-5.043616,5.7154093,-3.704745
1.148,9.174016,15.3502035,0.92162013,-5.0061464,5.793288,-3.7483907
1.15,9.314976,15.400217,0.74751735,-4.96498,5.8736267,-3.790302
1.152,9.451451,15.442948,0.575441,-4.919729,5.956512,-3.830737
1.154,9.58367,15.477836,0.40509248,-4.8701,6.0420628,-3.8698294
1.156,9.711895,15.504639,0.23636818,-4.8158994,6.1303444,-3.9075756
1.158,9.836149,15.522943,0.06904602,-4.757049,6.221374,-3.9438386
1.16,9.956535,15.532558,-0.096830845,-4.693604,6.315116,-3.9783604
1.162,10.073279,15.533299,-0.26143575,-4.625701,6.41149,-4.010784
1.164,10.186464,15.525115,-0.42472053,-4.553548,6.5103483,-4.0407305
1.166,10.296043,15.507916,-0.586668,-4.4774227,6.611442,-4.0678353
1.168,10.401993,15.481943,-0.7472098,-4.397615,6.714413,-4.091801
1.17,10.504536,15.447443,-0.9061732,-4.3144464,6.818786,-4.112424
1.172,10.603458,15.404779,-1.063441,-4.228266,6.92395,-4.1296215
1.174,10.698881,15.35426,-1.2189333,-4.139442,7.0292044,-4.1434045
1.176,10.790733,15.296327,-1.3724961,-4.0483484,7.1337347,-4.1538873
1.178,10.879129,15.2315445,-1.5238278,-3.9553583,7.236681,-4.161315
1.18,10.963897,15.160263,-1.6725769,-3.8608534,7.337159,-4.1659684
1.182,11.045258,15.083022,-1.8184404,-3.7651825,7.4343476,-4.1681604
1.184,11.123148,15.000245,-1.9610367,-3.6686702,7.527526,-4.16817
1.186,11.19788,14.912377,-2.100071,-3.571546,7.616116,-4.1663465
1.188,11.269446,14.819827,-2.2351878,-3.4739604,7.699732,-4.163086
1.19,11.33787,14.722882,-2.3659887,-3.3759933,7.778162,-4.15878
1.192,11.403526,14.621908,-2.4921875,-3.2776332,7.8513756,-4.1537476
1.194,11.466562,14.517131,-2.6133914,-3.1787958,7.9195333,-4.1482997
1.196,11.527327,14.408592,-2.7292604,-3.079313,7.9828916,-4.1427054
1.198,11.585992,14.296514,-2.8395953,-2.9790149,8.041771,-4.1371613
1.2,11.642945,14.181013,-2.9441576,-2.8777208,8.096531,-4.1318216
1.202,11.698486,14.062101,-3.042827,-2.7752562,8.1475,-4.126786
1.204,11.753132,13.939855,-3.135547,-2.671505,8.194971,-4.122095
1.206,11.807154,13.814251,-3.2222185,-2.566401,8.239127,-4.117738
1.208,11.861153,13.685296,-3.3029027,-2.4599497,8.280053,-4.113677
1.21,11.915564,13.5529,-3.3776345,-2.3522077,8.317764,-4.10985
1.212,11.970572,13.417312,-3.4465652,-2.24329,8.352169,-4.1061983
1.214,12.026646,13.278441,-3.5096838,-2.1333742,8.38312,-4.1026626
1.216,12.084284,13.13629,-3.5671353,-2.0226655,8.410362,-4.0991783
1.218,12.143879,12.990962,-3.6191382,-1.9114078,8.433612,-4.09567
1.22,12.205697,12.84255,-3.665773,-1.7998738,8.45257,-4.0920596
1.222,12.270004,12.691023,-3.707289,-1.6883628,8.466933,-4.0882306
1.224,12.337088,12.536463,-3.7438512,-1.5771804,8.476438,-4.0840635
1.226,12.406925,12.379022,-3.7757156,-1.4666201,8.480852,-4.079459
1.228,12.4796715,12.218827,-3.803117,-1.3569703,8.479996,-4.074357
1.23,12.555278,12.056069,-3.8261242,-1.2485152,8.473724,-4.0687323
1.232,12.633865,11.890774,-3.844987,-1.1415101,8.461939,-4.0625696
1.234,12.715291,11.72315,-3.8597713,-1.0361929,8.444563,-4.0559444
1.236,12.799358,11.553485,-3.870637,-0.9327879,8.421548,-4.048956
1.238,12.885898,11.381854,-3.8776498,-0.8314906,8.3928585,-4.0417433
1.24,12.974674,11.208507,-3.8809,-0.7324698,8.358532,-4.034442
1.242,13.0652,11.033733,-3.880574,-0.6358409,8.318606,-4.0271945
1.244,13.157043,10.857601,-3.8766239,-0.54169047,8.273205,-4.020153
1.246,13.24994,10.680276,-3.8691926,-0.45005703,8.222522,-4.013485
1.248,13.343455,10.50197,-3.85827,-0.36093843,8.166811,-4.0073156
1.25,13.437086,10.322578,-3.8438964,-0.27430296,8.106416,-4.0017633
1.252,13.530244,10.142298,-3.826335,-0.19008136,8.041735,-3.9969306
1.254,13.62267,9.961357,-3.805577,-0.1081841,7.9732113,-3.9928443
1.256,13.713797,9.779869,-3.7817593,-0.028503537,7.901336,-3.9895043
1.258,13.803082,9.597893,-3.7551484,0.04908061,7.8266087,-3.9868643
1.26,13.89029,9.415656,-3.7259066,0.12468827,7.749548,-3.9848516
1.262,13.9750595,9.233229,-3.694313,0.19843864,7.6706386,-3.983354
1.264,14.0569725,9.050801,-3.6604912,0.2704184,7.5903177,-3.9822292
1.266,14.135722,8.868489,-3.6247928,0.3407235,7.5089736,-3.981329
1.268,14.210997,8.686481,-3.5874293,0.40943038,7.426934,-3.9805121
1.27,14.282576,8.505066,-3.5487921,0.47658932,7.3444867,-3.9796505
1.272,14.350215,8.3243685,-3.509128,0.54223585,7.2618513,-3.978631
1.274,14.413696,8.1447,-3.4686146,0.60639834,7.1791897,-3.977365
1.276,14.473081,7.966318,-3.4276907,0.6691004,7.096615,-3.9757898
1.278,14.52816,7.7893195,-3.386645,0.7303479,7.014163,-3.9738598
1.28,14.578887,7.6139555,-3.3458889,0.79015505,6.9318404,-3.9715455
1.282,14.625469,7.4403887,-3.3055308,0.8485398,6.849633,-3.96884
1.284,14.667702,7.268826,-3.2658687,0.9055166,6.767492,-3.9657404
1.286,14.705822,7.0994277,-3.2270174,0.96109545,6.685346,-3.9622693
1.288,14.739891,6.932333,-3.1891813,1.0152804,6.6031094,-3.958456
1.29,14.770185,6.7676573,-3.1525207,1.0680507,6.5206757,-3.954315
1.292,14.796734,6.605556,-3.1170764,1.1193616,6.4379272,-3.9498477
1.294,14.819586,6.446125,-3.0829067,1.1691415,6.354724,-3.9450781
1.296,14.8390255,6.289524,-3.0500536,1.2172923,6.2709017,-3.9400067
1.298,14.855333,6.1357317,-3.018436,1.2636771,6.186264,-3.934647
1.3,14.868748,5.984888,-2.988006,1.3081442,6.100566,-3.9289951
1.302,14.879469,5.8368416,-2.9586287,1.3505294,6.013544,-3.9230657
1.304,14.887672,5.691725,-2.9301424,1.3906525,5.9249244,-3.9168565
1.306,14.893548,5.5494823,-2.9023767,1.4283296,5.834418,-3.910388
1.308,14.897437,5.4100857,-2.8751264,1.4634001,5.7417636,-3.903699
1.31,14.899376,5.2734084,-2.8481178,1.4957141,5.6467323,-3.8968592
1.312,14.89962,5.1393776,-2.8211317,1.5251653,5.549147,-3.8899446
1.314,14.89837,5.0078735,-2.7938266,1.5516847,5.4489217,-3.8830562
1.316,14.895652,4.878798,-2.765953,1.5752583,5.346049,-3.8763063
1.318,14.891634,4.7519217,-2.7371573,1.595916,5.240608,-3.8698175
1.32,14.886315,4.627122,-2.7070231,1.6137452,5.1327677,-3.8637152
1.322,14.87991,4.5041203,-2.6753082,1.6288781,5.0227613,-3.858115
1.324,14.872421,4.3829603,-2.641746,1.6414808,4.910895,-3.8531098
1.326,14.86375,4.2633724,-2.6059408,1.6517551,4.79752,-3.8487763
1.328,14.8538885,4.1451483,-2.567688,1.6599189,4.6830244,-3.8451526
1.33,14.842623,4.0280743,-2.5266275,1.6661954,4.567825,-3.8422503
1.332,14.830112,3.911968,-2.4825492,1.6708162,4.4523683,-3.8400497
1.334,14.81621,3.796707,-2.4352074,1.6739867,4.3370857,-3.8384793
1.336,14.800897,3.6821167,-2.3845005,1.6759205,4.2224054,-3.8374565
1.338,14.784044,3.568025,-2.3302898,1.6768186,4.108753,-3.8368654
1.34,14.765659,3.4543226,-2.2726111,1.676872,3.9965296,-3.8365493
1.342,14.745451,3.3410192,-2.2114768,1.6762533,3.886104,-3.8363385
1.344,14.723352,3.227913,-2.1469116,1.6751537,3.7778277,-3.83606
1.346,14.699301,3.1149826,-2.0790296,1.6737499,3.6719947,-3.8355303
1.348,14.673208,3.0023158,-2.0080385,1.6722012,3.5688543,-3.8345625
1.35,14.64499,2.8898878,-1.9341583,1.6706438,3.4686542,-3.832961
1.352,14.614565,2.7777026,-1.8576078,1.6691977,3.3715978,-3.8305569
1.354,14.581993,2.6658995,-1.7787733,1.6679621,3.2778482,-3.8271928
1.356,14.547062,2.5545833,-1.6978812,1.6670046,3.1875317,-3.8227181
1.358,14.509788,2.4438586,-1.6153965,1.6663871,3.1007214,-3.8169758
1.36,14.470156,2.3340063,-1.5316119,1.6661341,3.0174582,-3.8098118
1.362,14.428171,2.2251208,-1.4468904,1.6662562,2.9377418,-3.8010714
1.364,14.383843,2.1172771,-1.3617077,1.6667407,2.8615315,-3.7906036
1.366,14.337138,2.0106926,-1.2763605,1.6675422,2.7887218,-3.778259
1.368,14.288341,1.9056151,-1.1911149,1.6686181,2.7191448,-3.7639356
1.37,14.237241,1.8022239,-1.1065006,1.6699142,2.652592,-3.747571
1.372,14.184101,1.7006524,-1.0226917,1.6713736,2.5887768,-3.7291763
1.374,14.128799,1.6012778,-0.93989754,1.6729277,2.5273604,-3.7088113
1.376,14.071526,1.5040832,-0.8582854,1.6744871,2.4679742,-3.6866148
1.378,14.012613,1.409298,-0.7781606,1.6759675,2.4102345,-3.6627889
1.38,13.952141,1.3171206,-0.69960785,1.677299,2.3537798,-3.637562
1.382,13.890272,1.2276354,-0.6225362,1.6784073,2.2982855,-3.6111894
1.384,13.827213,1.1409678,-0.5471115,1.6792327,2.2434852,-3.5839329
1.386,13.76306,1.0572386,-0.4732263,1.6797302,2.1892083,-3.5560136
1.388,13.698109,0.9765067,-0.4008057,1.6798961,2.1353645,-3.5276217
1.39,13.63253,0.8988714,-0.32960916,1.6797442,2.0819354,-3.498883
1.392,13.566425,0.8244815,-0.25965357,1.6793057,2.0289962,-3.469903
1.394,13.500101,0.753222,-0.19066906,1.6786506,1.9766625,-3.4407053
1.396,13.4337635,0.6851716,-0.122437954,1.6778599,1.9250867,-3.411289
1.398,13.367502,0.6203232,-0.054861546,1.677011,1.8744377,-3.381633
1.4,13.301417,0.5586734,0.012395382,1.6761827,1.8248975,-3.351686
1.402,13.235816,0.5001569,0.07935476,1.6754627,1.7766349,-3.32139
1.404,13.170873,0.44475174,0.1462841,1.6749263,1.7297854,-3.2906952
1.406,13.106642,0.3922515,0.21343017,1.6746172,1.6844714,-3.2595415
1.408,13.043292,0.3426671,0.28085756,1.6745574,1.6407815,-3.2278488
1.41,12.98097,0.29591227,0.34868503,1.6747571,1.5987717,-3.1955447
1.412,12.919756,0.25182438,0.41690445,1.6751993,1.5584711,-3.1625593
1.414,12.859718,0.2102089,0.48550487,1.6758689,1.5198749,-3.1287992
1.416,12.800946,0.17099571,0.5545385,1.6767225,1.4829365,-3.0941722
1.418,12.743365,0.1339798,0.6240761,1.6777378,1.4476258,-3.0586078
1.42,12.687087,0.099012375,0.69399095,1.6788785,1.4138943,-3.022048
1.422,12.632093,0.065886974,0.76434207,1.6801021,1.3817133,-2.9844434
1.424,12.578268,0.03445673,0.83506894,1.6813631,1.3510517,-2.9457648
1.426,12.525684,0.0045542717,0.9061737,1.6826327,1.3219228,-2.906039
1.428,12.474167,-0.024099827,0.97748995,1.6838812,1.2943447,-2.8653085
1.43,12.423787,-0.051628113,1.0489223,1.6851077,1.2683526,-2.82363
1.432,12.37434,-0.078285456,1.1204801,1.6862998,1.2439874,-2.781087
1.434,12.325754,-0.10437775,1.1922252,1.6874728,1.2212986,-2.737766
1.436,12.27808,-0.1299808,1.2639778,1.6886535,1.2003443,-2.6937666
1.438,12.231165,-0.15531182,1.3357804,1.6898946,1.1811781,-2.6491678
1.44,12.184981,-0.18051863,1.4074757,1.6912627,1.1638597,-2.6040618
1.442,12.139365,-0.20572066,1.4791198,1.692828,1.1484505,-2.5585277
1.444,12.09421,-0.2310276,1.5505769,1.6946704,1.1350121,-2.5126278
1.446,12.049439,-0.25657916,1.6218963,1.6968977,1.1236018,-2.4664116
1.448,12.00499,-0.28253984,1.6929595,1.6995932,1.1142689,-2.4199321
1.45,11.960786,-0.3089385,1.7637591,1.7028677,1.1070644,-2.3732262
1.452,11.9168625,-0.33591294,1.8341885,1.7068257,1.1020298,-2.3262987
1.454,11.873255,-0.3634343,1.9042006,1.7115513,1.0991924,-2.279159
1.456,11.829789,-0.39142084,1.9736216,1.717112,1.0985534,-2.2317872
1.458,11.786637,-0.4199276,2.042441,1.7235591,1.1000863,-2.1841562
1.46,11.74378,-0.44885707,2.1104295,1.7309139,1.1037301,-2.1362207
1.462,11.7013035,-0.47801208,2.1775286,1.7391584,1.1094172,-2.087929
1.464,11.659055,-0.5072448,2.2436533,1.7482255,1.1170226,-2.0392044
1.466,11.617269,-0.53649664,2.3086238,1.7580099,1.1263905,-1.9899762
1.468,11.575903,-0.56546974,2.3723288,1.7683694,1.137337,-1.940181
1.47,11.535221,-0.5939975,2.4346673,1.7791344,1.1496439,-1.889753
1.472,11.495041,-0.6217935,2.4954276,1.7900995,1.1630533,-1.8386478
1.474,11.455653,-0.64865613,2.5546398,1.801054,1.1773008,-1.786843
1.476,11.417094,-0.6743777,2.612082,1.8117747,1.1920935,-1.7343494
1.478,11.3793335,-0.69872546,2.667758,1.8220394,1.2071443,-1.6812127
1.48,11.342681,-0.7216749,2.7216253,1.8316344,1.2221341,-1.6274874
1.482,11.306922,-0.7428348,2.7735357,1.840364,1.2367647,-1.5732862
1.484,11.272345,-0.7624352,2.8234644,1.8480526,1.2507536,-1.5187371
1.486,11.238788,-0.7800679,2.8714314,1.8545667,1.2638435,-1.463985
1.488,11.206247,-0.7958362,2.917574,1.8597854,1.2757983,-1.4091933
1.49,11.174729,-0.80970645,2.961947,1.8636292,1.2863832,-1.3545314
1.492,11.144306,-0.82169557,3.0045278,1.866025,1.2953901,-1.3001833
1.494,11.114746,-0.8318808,3.0454996,1.8669194,1.3026273,-1.246331
1.496,11.086041,-0.8403151,3.0850976,1.8662847,1.3079262,-1.1931305
1.498,11.058073,-0.8471074,3.1233754,1.8640844,1.3111393,-1.1407506
1.5,11.030655,-0.85245967,3.1605964,1.8602856,1.312144,-1.0893338
1.502,11.003728,-0.8566904,3.1969948,1.8548791,1.310884,-1.0389946
1.504,10.976942,-0.859735,3.232753,1.8478501,1.307339,-0.9898143
1.506,10.950123,-0.86186504,3.2681124,1.8391948,1.301535,-0.9418607
1.508,10.923152,-0.8632915,3.303362,1.8289512,1.2935694,-0.89517564
1.51,10.895774,-0.86413455,3.3386335,1.8171549,1.2835943,-0.8497627
1.512,10.86759,-0.8645525,3.3741665,1.8038877,1.2718133,-0.8055989
1.514,10.838468,-0.86475396,3.4101253,1.7892491,1.2584656,-0.7626533
1.516,10.808148,-0.8648255,3.4466252,1.773355,1.2437893,-0.7209041
1.518,10.776387,-0.8649843,3.4838061,1.7563356,1.2280412,-0.680277
1.52,10.742824,-0.8653405,3.521779,1.7383211,1.2114577,-0.6406945
1.522,10.707244,-0.865855,3.5606208,1.7194369,1.1942669,-0.6020808
1.524,10.669526,-0.86671925,3.6003613,1.699803,1.1766809,-0.56434083
1.526,10.62939,-0.8678732,3.6410048,1.6795241,1.1588844,-0.5273508
1.528,10.586787,-0.86946917,3.6824114,1.6586897,1.141058,-0.49101838
1.53,10.541456,-0.87145996,3.724597,1.6373813,1.1233658,-0.45523718
1.532,10.493337,-0.8737819,3.767456,1.6156644,1.1059549,-0.41989896
1.534,10.4423685,-0.87646866,3.8109565,1.5935781,1.0889808,-0.3849324
1.536,10.388449,-0.8793926,3.8548493,1.571152,1.0725684,-0.35025728
1.538,10.331629,-0.8824365,3.899195,1.548401,1.0568346,-0.31580758
1.54,10.271896,-0.8855953,3.9437292,1.525296,1.0418919,-0.28152198
1.542,10.209345,-0.88880396,3.9884763,1.5018058,1.0278336,-0.24734461
1.544,10.144062,-0.8919625,4.0331783,1.4778748,1.0147536,-0.2132132
1.546,10.076054,-0.8950105,4.077863,1.4534509,1.0027169,-0.1790593
1.548,10.005654,-0.8977885,4.122348,1.4284672,0.99176896,-0.14479876
1.55,9.933045,-0.9003513,4.1667476,1.4028656,0.98194706,-0.11036274
1.552,9.858373,-0.9025142,4.210883,1.3765991,0.97327244,-0.07566473
1.554,9.781943,-0.9043586,4.2548094,1.3496513,0.9657548,-0.040657282
1.556,9.704077,-0.9057152,4.2984376,1.3220295,0.9593952,-0.005308658
1.558,9.624962,-0.9065218,4.3418427,1.2937672,0.9542032,0.030378401
1.56,9.544974,-0.9068365,4.385081,1.2649308,0.9501956,0.0663628
1.562,9.464484,-0.9066689,4.428157,1.2355993,0.9474046,0.10257843
1.564,9.383696,-0.90598273,4.471064,1.2058749,0.9458871,0.13890749
1.566,9.303084,-0.9048948,4.513919,1.1758509,0.9456997,0.17523858
1.568,9.222736,-0.90337586,4.556743,1.145617,0.94691837,0.21144193
1.57,9.143218,-0.9014833,4.59966,1.1152321,0.9496199,0.24741855
1.572,9.064631,-0.89939284,4.6426444,1.0847592,0.95388556,0.2830659
1.574,8.987458,-0.8970864,4.685704,1.0542414,0.95980763,0.31831172
1.576,8.91187,-0.89465547,4.72883,1.0236928,0.967453,0.35310194
1.578,8.838206,-0.89220023,4.772051,0.9931021,0.9768801,0.3874171
1.58,8.766527,-0.88967824,4.815327,0.96244574,0.9881266,0.42123762
1.582,8.697231,-0.88731766,4.858717,0.93168736,1.0012102,0.4545824
1.584,8.630262,-0.885092,4.9019785,0.9007688,1.0161306,0.48745847
1.586,8.565877,-0.8830464,4.9451995,0.86960995,1.0328579,0.51986384
1.588,8.504147,-0.88149595,4.988118,0.8381275,1.0513427,0.55179715
1.59,8.445071,-0.8802676,5.0307875,0.8062327,1.071521,0.5832515
1.592,8.388781,-0.8797543,5.0730243,0.77381676,1.0932958,0.6141907
1.594,8.33518,-0.8798423,5.1146793,0.7407833,1.1165664,0.6445834
1.596,8.284206,-0.8807969,5.1557374,0.7070262,1.1412247,0.67441
1.598,8.235678,-0.88265777,5.196005,0.6724625,1.1671586,0.7036317
1.6,8.189498,-0.8856232,5.2354836,0.6370213,1.1942487,0.73221374
1.602,8.145334,-0.8897455,5.2739654,0.6006594,1.2223778,0.76011634
1.604,8.103141,-0.89528775,5.311535,0.5633708,1.2514461,0.78731716
1.606,8.062647,-0.9024012,5.348019,0.52517927,1.2813445,0.8137824
1.608,8.023433,-0.91114664,5.383441,0.48613536,1.3119745,0.8394902
1.61,7.985351,-0.9216714,5.4177585,0.44632295,1.3432497,0.8644156
1.612,7.947876,-0.9340453,5.4509377,0.40583795,1.3750803,0.88855326
1.614,7.9108286,-0.948447,5.4831266,0.36478323,1.4073946,0.9119041
1.616,7.873757,-0.9649863,5.5141907,0.32323354,1.4401184,0.9344678
1.618,7.8362846,-0.98356533,5.544278,0.2812534,1.473178,0.9562615
1.62,7.7981014,-1.0042622,5.5733805,0.2388609,1.5065136,0.9773046
1.622,7.758829,-1.027066,5.6016645,0.1960406,1.5400736,0.9976276
1.624,7.7181854,-1.0518706,5.629058,0.15275961,1.5738028,1.0172619
1.626,7.6757736,-1.0785611,5.655682,0.10893297,1.6076561,1.0362269
1.628,7.631253,-1.1068814,5.681571,0.064466685,1.6415693,1.0545619
1.63,7.5845222,-1.1366353,5.7067757,0.019273162,1.6754955,1.0722922
1.632,7.535197,-1.1675727,5.731324,-0.026738197,1.7093779,1.089427
1.634,7.4831605,-1.1993272,5.755303,-0.073648155,1.7431612,1.1059955
1.636,7.428228,-1.2315116,5.7786307,-0.12153387,1.7767836,1.1220318
1.638,7.3701653,-1.2637253,5.8014293,-0.17044702,1.8101672,1.1375666
1.64,7.308967,-1.2954662,5.8235407,-0.22043902,1.8432392,1.1526723
1.642,7.244556,-1.3262935,5.8450203,-0.27154446,1.8759234,1.1674469
1.644,7.176987,-1.3556571,5.865777,-0.32379827,1.9081552,1.1819848
1.646,7.106325,-1.382957,5.8857894,-0.37722495,1.9398685,1.1964233
1.648,7.0327454,-1.407623,5.9048953,-0.4318328,1.9710163,1.2108905
1.65,6.956339,-1.4290466,5.923253,-0.48763156,2.0015721,1.225511
1.652,6.8773227,-1.4465668,5.9404807,-0.54462314,2.0315397,1.2404208
1.654,6.795988,-1.4596851,5.956581,-0.6028031,2.0609374,1.2557287
1.656,6.7127666,-1.4679093,5.9714055,-0.6621557,2.089798,1.2715089
1.658,6.6278925,-1.4706678,5.984889,-0.7226828,2.118161,1.287815
1.66,6.54172,-1.4673598,5.9967895,-0.78435946,2.1460917,1.3046575
1.662,6.454776,-1.4576588,6.006983,-0.8471709,2.1736548,1.3220313
1.664,6.367408,-1.4411817,6.0153008,-0.9111049,2.2008984,1.339888
1.666,6.2803006,-1.4177387,6.021553,-0.97613025,2.2278874,1.358141
1.668,6.19383,-1.3869843,6.0255394,-1.0422068,2.2546577,1.376698
1.67,6.108473,-1.3487232,6.0271006,-1.1092925,2.2812364,1.3954389
1.672,6.0246696,-1.3028238,6.0261016,-1.177338,2.3076358,1.4142349
1.674,5.9430523,-1.2493892,6.0223203,-1.2462907,2.333873,1.4329371
1.676,5.8641353,-1.188411,6.0156817,-1.3160827,2.359931,1.451405
1.678,5.7885613,-1.1200359,6.005972,-1.386658,2.3858073,1.469492
1.68,5.7167244,-1.0445833,5.993193,-1.4579465,2.4114819,1.487066
1.682,5.649296,-0.96216464,5.9771757,-1.5298948,2.4369526,1.5040162
1.684,5.5865774,-0.8732047,5.957964,-1.6024486,2.4622166,1.5202553
1.686,5.5291386,-0.7780075,5.935567,-1.6755569,2.4872975,1.5357049
1.688,5.477401,-0.67698145,5.9100385,-1.7491716,2.512243,1.5503123
1.69,5.431803,-0.57063794,5.881339,-1.823244,2.5371327,1.5640419
1.692,5.3926086,-0.45931864,5.8496346,-1.8977231,2.562068,1.5768675
1.694,5.359984,-0.34364724,5.8151393,-1.9725443,2.5871706,1.5887747
1.696,5.3342867,-0.22413325,5.7779336,-2.0476344,2.6125693,1.5997381
1.698,5.3157115,-0.10120869,5.7383456,-2.1228974,2.638396,1.60977
1.7,5.304301,0.02443266,5.696448,-2.1982052,2.6648028,1.61885
1.702,5.30009,0.15248847,5.6526217,-2.2734237,2.6919224,1.6269742
1.704,5.303014,0.28240824,5.60695,-2.3483915,2.7198775,1.6341311
1.706,5.313091,0.41363382,5.559536,-2.4229467,2.7487779,1.6403129
1.708,5.330007,0.54582,5.510673,-2.4969165,2.7787251,1.6455333
1.71,5.3537207,0.67857385,5.4604826,-2.570139,2.8098078,1.6498092
1.712,5.3839445,0.8113892,5.409232,-2.642455,2.8421242,1.6531637
1.714,5.4203634,0.94414186,5.356984,-2.713744,2.8757439,1.6556576
1.716,5.462618,1.076565,5.30389,-2.783907,2.9107614,1.6573416
1.718,5.510351,1.2084925,5.2500362,-2.8528779,2.9472833,1.6582916
1.72,5.562917,1.3398166,5.195488,-2.9206328,2.9854183,1.6586041
1.722,5.620123,1.4705021,5.1403446,-2.9871986,3.0252838,1.658377
1.724,5.6815233,1.6004298,5.0844927,-3.0525942,3.0669947,1.6577353
1.726,5.7465305,1.7297115,5.02803,-3.116887,3.1106615,1.6567982
1.728,5.8146687,1.8582935,4.970907,-3.180148,3.1563768,1.6557108
1.73,5.8854856,1.9863648,4.9130893,-3.2424557,3.204208,1.6545935
1.732,5.9583983,2.114088,4.8545103,-3.3038776,3.2541788,1.6535726
1.734,6.0327806,2.2416332,4.795224,-3.3644693,3.3062778,1.6527636
1.736,6.1084657,2.369157,4.7350802,-3.4242468,3.360429,1.6522291
1.738,6.1848826,2.4968977,4.6740603,-3.4831955,3.4165182,1.6519935
1.74,6.2613163,2.6251674,4.612088,-3.541285,3.4743838,1.6520478
1.742,6.3375416,2.7542052,4.5491133,-3.5984693,3.5338085,1.6523504
1.744,6.412962,2.8843389,4.4849644,-3.6546884,3.5945358,1.6528322
1.746,6.487146,3.0156922,4.41964,-3.70988,3.6563115,1.6534178
1.748,6.559691,3.1486945,4.3531127,-3.7639866,3.7188563,1.6539999
1.75,6.6300306,3.2834795,4.2853155,-3.8169553,3.781901,1.6545076
1.752,6.697694,3.420433,4.2161994,-3.8687754,3.8451867,1.6548862
1.754,6.762414,3.5597749,4.14581,-3.9194489,3.9084342,1.6551527
1.756,6.8236647,3.7017493,4.0741386,-3.9690082,3.9714003,1.6553737
1.758,6.881086,3.846632,4.0012,-4.017516,4.033853,1.6556622
1.76,6.9344153,3.994677,3.9268584,-4.06505,4.0955815,1.6561649
1.762,6.9833674,4.146182,3.851286,-4.1116924,4.156377,1.6570297
1.764,7.027677,4.3013835,3.7743354,-4.1575203,4.216053,1.6584432
1.766,7.067195,4.4604864,3.696066,-4.202617,4.2744236,1.6605636
1.768,7.1018276,4.623657,3.6163716,-4.247041,4.3313227,1.663501
1.77,7.131545,4.7909822,3.535353,-4.2908072,4.3866014,1.6673325
1.772,7.15633,4.96258,3.4529834,-4.3339276,4.440124,1.6720681
1.774,7.176394,5.1385164,3.3693612,-4.3763847,4.4917574,1.677659
1.776,7.191761,5.3188577,3.2844326,-4.418142,4.5414076,1.6840141
1.778,7.2027817,5.5033946,3.1983078,-4.4591722,4.588992,1.6910036
1.78,7.209793,5.691953,3.11093,-4.499432,4.634431,1.6984478
1.782,7.213114,5.884363,3.022359,-4.538914,4.6776648,1.7061442
1.784,7.213083,6.080382,2.9327614,-4.5775986,4.718637,1.7138672
1.786,7.2100873,6.279565,2.842092,-4.6154747,4.7573023,1.7213563
1.788,7.204484,6.481552,2.7505276,-4.6525393,4.793585,1.7283363
1.79,7.1968083,6.685877,2.6581364,-4.6887884,4.8273954,1.7345394
1.792,7.187543,6.8919134,2.5652208,-4.724208,4.8586216,1.7397075
1.794,7.1771145,7.0991497,2.4717038,-4.7587624,4.8871,1.7436033
1.796,7.1659937,7.3069544,2.3779366,-4.7923994,4.912671,1.7460014
1.798,7.1545887,7.51458,2.2839718,-4.8250537,4.935151,1.7467434
1.8,7.1432176,7.721566,2.1900628,-4.856672,4.954335,1.7457407
1.802,7.1323786,7.9272685,2.0963156,-4.887202,4.9700317,1.7429621
1.804,7.122505,8.131155,2.0029101,-4.916607,4.9820848,1.7384125
1.806,7.113799,8.332819,1.9099293,-4.9448857,4.990388,1.7321647
1.808,7.1064663,8.531806,1.817411,-4.9720592,4.9949007,1.7243013
1.81,7.1008797,8.7276745,1.725539,-4.998194,4.9956236,1.7149177
1.812,7.0971794,8.920126,1.6342039,-5.0233994,4.992613,1.7041323
1.814,7.0957165,9.108836,1.5434408,-5.047829,4.9859715,1.6920795
1.816,7.096411,9.293833,1.4532557,-5.071658,4.97584,1.6789126
1.818,7.099553,9.47488,1.363419,-5.0950646,4.96238,1.6647799
1.82,7.104954,9.65187,1.2737336,-5.118203,4.9457684,1.649859
1.822,7.1128373,9.825028,1.1839032,-5.1412287,4.926189,1.6343462
1.824,7.1231446,9.994191,1.0936179,-5.1642623,4.9038067,1.6184565
1.826,7.135888,10.159378,1.0025182,-5.18735,4.878787,1.602387
1.828,7.151112,10.320609,0.91018677,-5.210516,4.851306,1.5863258
1.83,7.168556,10.478033,0.81625366,-5.2337375,4.8214865,1.5704198
1.832,7.1880126,10.631716,0.7202563,-5.256949,4.7894635,1.5547699
1.834,7.2092867,10.781715,0.62169456,-5.2800612,4.75535,1.5394427
1.836,7.2322087,10.928026,0.52013063,-5.302963,4.719226,1.5244455
1.838,7.25647,11.070631,0.4150834,-5.325552,4.681156,1.509752
1.84,7.281674,11.209436,0.3061962,-5.347721,4.6412024,1.4952955
1.842,7.307587,11.344225,0.19304848,-5.3693786,4.599394,1.4809904
1.844,7.3337193,11.474848,0.075284004,-5.3904424,4.555752,1.4667548
1.846,7.35947,11.60106,-0.047409058,-5.4108453,4.510302,1.4525028
1.848,7.3845267,11.722547,-0.17521548,-5.430532,4.463067,1.4381695
1.85,7.408409,11.838886,-0.30836463,-5.4494743,4.414069,1.4237171
1.852,7.430475,11.949745,-0.44696975,-5.467652,4.363345,1.4091134
1.854,7.45019,12.05468,-0.5910244,-5.4850373,4.3109426,1.394339
1.856,7.467118,12.153317,-0.7405429,-5.5016093,4.256914,1.379389
1.858,7.480707,12.245143,-0.895555,-5.5173483,4.2013083,1.3642751
1.86,7.4904046,12.329719,-1.0557294,-5.532196,4.144202,1.3489776
1.862,7.495657,12.406463,-1.2210386,-5.5460963,4.0856714,1.3334808
1.864,7.4958973,12.474983,-1.3912988,-5.558975,4.025782,1.3177545
1.866,7.4907346,12.534698,-1.5661067,-5.5707273,3.9645963,1.3017817
1.868,7.479577,12.585295,-1.7450786,-5.581231,3.902172,1.2855304
1.87,7.4619308,12.626252,-1.9279172,-5.590368,3.8385525,1.2689726
1.872,7.4374833,12.657259,-2.1140568,-5.598016,3.7737668,1.2520838
1.874,7.4059205,12.677939,-2.3029897,-5.604048,3.7078166,1.2348571
1.876,7.366833,12.68817,-2.4942589,-5.6083555,3.6406996,1.2173077
1.878,7.320028,12.687632,-2.6871963,-5.6108313,3.5723963,1.1994594
1.88,7.2653384,12.676276,-2.8813248,-5.611412,3.5028744,1.1813645
1.882,7.2026553,12.654015,-3.0760117,-5.6100388,3.4320922,1.1631106
1.884,7.1319585,12.620927,-3.2707038,-5.6066713,3.360033,1.144803
1.886,7.0532856,12.577173,-3.4646325,-5.6013007,3.2866771,1.1265702
1.888,6.966801,12.523029,-3.65724,-5.593924,3.212043,1.1085781
1.89,6.8727274,12.458812,-3.847814,-5.5845637,3.1361852,1.091019
1.892,6.771283,12.384882,-4.0357275,-5.573249,3.0591931,1.0740958
1.894,6.6629505,12.301699,-4.2203684,-5.560018,2.9811893,1.058005
1.896,6.5480413,12.20988,-4.40102,-5.5448875,2.9023561,1.0429324
1.898,6.427089,12.109968,-4.577187,-5.527913,2.8228874,1.0290325
1.9,6.30054,12.002705,-4.7482624,-5.5091095,2.7429981,1.0164387
1.902,6.168876,11.888774,-4.9137983,-5.488486,2.6629243,1.0052243
1.904,6.0327153,11.768856,-5.073102,-5.4660287,2.5829074,0.9954262
1.906,5.892571,11.643756,-5.225844,-5.4417152,2.503172,0.98704755
1.908,5.7489514,11.514278,-5.37153,-5.415502,2.4239407,0.98006
1.91,5.602494,11.381041,-5.5097976,-5.387315,2.3454118,0.9743961
1.912,5.4536767,11.244753,-5.640275,-5.3570704,2.2677774,0.96996844
1.914,5.303007,11.106159,-5.762734,-5.324681,2.1911795,0.96670055
1.916,5.150906,10.965758,-5.8768272,-5.2900276,2.1157458,0.96451485
1.918,4.9979715,10.824203,-5.982332,-5.2530284,2.0416048,0.96333504
1.92,4.844604,10.681965,-6.07921,-5.2135835,1.9688655,0.96307635
1.922,4.691211,10.539492,-6.1672225,-5.1716127,1.8976175,0.9636651
1.924,4.53806,10.397224,-6.246309,-5.12705,1.8279603,0.9650525
1.926,4.385871,10.255357,-6.3165426,-5.0798497,1.7599903,0.96719825
1.928,4.2347484,10.114295,-6.377818,-5.0299826,1.6938384,0.9700701
1.93,4.0851316,9.974231,-6.430285,-4.977419,1.6296453,0.9736272
1.932,3.9373152,9.835337,-6.473961,-4.922143,1.5675813,0.9778303
1.934,3.791556,9.697735,-6.5091233,-4.8641324,1.5078458,0.9826361
1.936,3.6481614,9.561576,-6.5360217,-4.8033657,1.4506706,0.98797226
1.938,3.5074534,9.426921,-6.5548677,-4.7398243,1.3962998,0.9937731
1.94,3.3697567,9.293808,-6.566122,-4.673478,1.3449773,0.9999417
1.942,3.2352026,9.162266,-6.5702057,-4.6043034,1.296962,1.0063692
1.944,3.1039784,9.032312,-6.5675497,-4.5322804,1.2524981,1.0129577
1.946,2.9762309,8.903974,-6.5586815,-4.4574003,1.2117918,1.0196062
1.948,2.852157,8.77721,-6.5442657,-4.379664,1.1750212,1.0262295
1.95,2.7318685,8.652086,-6.5249214,-4.299113,1.1423141,1.0327735
1.952,2.6153567,8.528601,-6.501382,-4.215798,1.1137667,1.0391897
1.954,2.5026731,8.406745,-6.474362,-4.1298165,1.0894262,1.0454447
1.956,2.3937593,8.286488,-6.444522,-4.0412955,1.0692966,1.0515165
1.958,2.2887084,8.16782,-6.412737,-3.9503918,1.0533412,1.0573902
1.96,2.187481,8.050771,-6.3796873,-3.8572886,1.0415156,1.0630579
1.962,2.089982,7.935359,-6.3461304,-3.7621942,1.0337436,1.0685179
1.964,1.9961976,7.8215632,-6.312886,-3.6653478,1.0299379,1.0737641
1.966,1.9059312,7.709457,-6.2807283,-3.566978,1.029978,1.0787963
1.968,1.8190825,7.59909,-6.250297,-3.4673064,1.0337518,1.0836158
1.97,1.7356343,7.490493,-6.2224007,-3.3665497,1.0411384,1.0882206
1.972,1.6554809,7.3837047,-6.1975026,-3.264894,1.0520091,1.0926394
1.974,1.5784702,7.27881,-6.176255,-3.1625266,1.0662308,1.0968698
1.976,1.504482,7.17581,-6.1592126,-3.0596025,1.0836766,1.1009393
1.978,1.4334862,7.0747776,-6.146854,-2.9562547,1.1042295,1.1048483
1.98,1.3654641,6.9757395,-6.1395893,-2.852593,1.1277856,1.1085849
1.982,1.3003259,6.878609,-6.137821,-2.7487245,1.1542213,1.1121206
1.984,1.237972,6.7834625,-6.1418567,-2.64475,1.1834289,1.1153991
1.986,1.1784605,6.6901865,-6.1519327,-2.540775,1.2152816,1.1183555
1.988,1.121687,6.5988345,-6.168368,-2.4369075,1.2496566,1.1208937
1.99,1.067627,6.509299,-6.1912646,-2.33326,1.286401,1.1229053
1.992,1.0162778,6.4215503,-6.220628,-2.2299578,1.3253505,1.124249
1.994,0.9675095,6.3354545,-6.2565584,-2.1271403,1.3663344,1.1248127
1.996,0.9214182,6.2508144,-6.299163,-2.0249536,1.4091427,1.1244593
1.998,0.8778291,6.16749,-6.3482633,-1.9235486,1.453558,1.1230574
2,0.8366481,6.0854216,-6.403777,-1.8230872,1.4993684,1.1205133
2.002,0.79803276,6.004314,-6.4655385,-1.723728,1.546327,1.1167302
2.004,0.7617395,5.9240475,-6.533403,-1.6256292,1.5941994,1.1116353
2.006,0.72779536,5.8444796,-6.607127,-1.528945,1.6427438,1.1051822
2.008,0.6961994,5.765352,-6.6863794,-1.4338211,1.6917044,1.0973632
2.01,0.666754,5.6865044,-6.770878,-1.3403795,1.7408457,1.0881853
2.012,0.63957,5.607753,-6.860297,-1.2487246,1.7899553,1.0776677
2.014,0.6145592,5.5289125,-6.954291,-1.1589422,1.8388143,1.0658288
2.016,0.59154916,5.4497614,-7.0524817,-1.0710955,1.887229,1.0526916
2.018,0.57061887,5.370143,-7.1544914,-0.98522216,1.9350373,1.0382959
2.02,0.55171657,5.2898693,-7.2599325,-0.901358,1.9821082,1.0226713
2.022,0.53487134,5.2088146,-7.368445,-0.8195237,2.0283294,1.005832
2.024,0.5199375,5.1267276,-7.479597,-0.7397233,2.0736117,0.98779476
2.026,0.5071113,5.0434737,-7.5930777,-0.66196823,2.117877,0.9685482
2.028,0.49615884,4.9589596,-7.708459,-0.5862581,2.161065,0.9480891
2.03,0.48714328,4.873126,-7.8253245,-0.5125999,2.2031186,0.92638373
2.032,0.48015046,4.7857304,-7.943384,-0.44098884,2.243983,0.90341187
2.034,0.47519922,4.696727,-8.062265,-0.37142956,2.2835858,0.87917006
2.036,0.47208285,4.6061516,-8.181635,-0.3039228,2.3218555,0.853654
2.038,0.4710269,4.5138407,-8.301195,-0.2384621,2.3586888,0.8269061
2.04,0.4721253,4.4197974,-8.420612,-0.17503114,2.3939798,0.7989834
2.042,0.47523308,4.3241076,-8.539644,-0.11363785,2.4275827,0.7699807
2.044,0.48046398,4.2267427,-8.657955,-0.054290798,2.45934,0.7400216
2.046,0.48788404,4.1277294,-8.775186,0.0030002287,2.489081,0.7092612
2.048,0.4973905,4.0272326,-8.89119,0.05822902,2.5166097,0.67785966
2.05,0.50904965,3.9253712,-9.00568,0.11135728,2.5417414,0.64599377
2.052,0.52293587,3.822276,-9.118408,0.16234198,2.5642793,0.6138342
2.054,0.53905797,3.7181365,-9.229077,0.21114191,2.5840178,0.58153963
2.056,0.5574274,3.6130924,-9.337513,0.2577149,2.6007829,0.54924834
2.058,0.5779629,3.5074205,-9.443354,0.30203098,2.6143866,0.51707745
2.06,0.6007414,3.401235,-9.546538,0.3440644,2.6246595,0.48511136
2.062,0.6257384,3.2948742,-9.64668,0.38380393,2.63147,0.45340115
2.064,0.65295625,3.1884441,-9.7436695,0.42125598,2.6346748,0.4219791
2.066,0.68241024,3.0821705,-9.837308,0.45644814,2.6341448,0.3908437
2.068,0.713943,2.9762611,-9.9273615,0.48944053,2.6297855,0.35999438
2.07,0.7474961,2.8708878,-10.01363,0.52031326,2.6215162,0.3293954
2.072,0.7829981,2.7663102,-10.09598,0.5491569,2.6092806,0.29900175
2.074,0.82040834,2.6626167,-10.174203,0.57608604,2.5930507,0.26876485
2.076,0.85970306,2.560001,-10.248181,0.6012188,2.5728164,0.23865211
2.078,0.90073586,2.458544,-10.317771,0.62468374,2.5485873,0.2086336
2.08,0.94343376,2.3583546,-10.382866,0.64660424,2.5204172,0.17869413
2.082,0.9876623,2.2596183,-10.44336,0.6670953,2.4883595,0.14882493
2.084,1.0334134,2.1623335,-10.499152,0.68626523,2.4524932,0.119033456
2.086,1.0805311,2.0667734,-10.550162,0.7042033,2.4129097,0.08934021
2.088,1.12885,1.9728706,-10.596405,0.7209875,2.3697305,0.059770048
2.09,1.1782813,1.880791,-10.637725,0.73668224,2.3230765,0.030369997
2.092,1.2286282,1.7906977,-10.674189,0.751323,2.2730885,0.0011899471
2.094,1.2797832,1.7026407,-10.705714,0.76493084,2.2199101,-0.027713478
2.096,1.3316636,1.6167122,-10.73233,0.7775284,2.1636953,-0.056269884
2.098,1.3841815,1.5330182,-10.753948,0.78913295,2.104614,-0.08440673
2.1,1.4371648,1.4517244,-10.770678,0.79974544,2.0428312,-0.11206478
2.102,1.4904752,1.3729128,-10.782467,0.8093623,1.9785213,-0.13916731
2.104,1.5440125,1.2966594,-10.789446,0.81800133,1.911862,-0.16565979
2.106,1.5976903,1.2231196,-10.791506,0.8256738,1.8430402,-0.19149339
2.108,1.6514311,1.1523507,-10.788797,0.8323976,1.7722601,-0.21662956
2.11,1.7051957,1.0843472,-10.78136,0.83818835,1.6997092,-0.24104303
2.112,1.7587566,1.019356,-10.76922,0.8430927,1.6255916,-0.26473445
2.114,1.8121226,0.95732427,-10.7523985,0.84716654,1.5501134,-0.28771
2.116,1.8653312,0.89817905,-10.731016,0.8504634,1.4734788,-0.3099916
2.118,1.9180577,0.84206843,-10.705076,0.85304546,1.395902,-0.33162126
2.12,1.9704218,0.7889652,-10.674765,0.8549948,1.3175868,-0.35265166
2.122,2.0223403,0.73877907,-10.640129,0.8563892,1.2387362,-0.37314972
2.124,2.073663,0.69151795,-10.601233,0.857313,1.1595424,-0.39317632
2.126,2.1244564,0.6471598,-10.558158,0.85786813,1.0801847,-0.41279778
2.128,2.1745949,0.60548866,-10.511036,0.8581455,1.0008439,-0.43208486
2.13,2.223952,0.5666114,-10.459902,0.8582432,0.92170197,-0.45110512
2.132,2.2725003,0.5303024,-10.405012,0.85826564,0.8429272,-0.4699123
2.134,2.3203223,0.49645805,-10.346382,0.8583141,0.764677,-0.48854196
2.136,2.3672855,0.46508825,-10.284195,0.8585025,0.6871139,-0.507022
2.138,2.4134214,0.43595362,-10.218564,0.858935,0.6103992,-0.52536464
2.14,2.4586215,0.40899742,-10.149637,0.8597046,0.53466386,-0.5435709
2.142,2.5029726,0.3841151,-10.077572,0.86090994,0.46003348,-0.56161565
2.144,2.5463324,0.36122847,-10.002514,0.86263555,0.38662446,-0.57947516
2.146,2.5886905,0.34014893,-9.924595,0.86494774,0.3145367,-0.5971098
2.148,2.6300313,0.32086337,-9.844007,0.8678961,0.24385881,-0.61446136
2.15,2.6703086,0.30331588,-9.760899,0.8715271,0.17466661,-0.6314747
2.152,2.7095757,0.287364,-9.675324,0.8758655,0.107012056,-0.6480816
2.154,2.7478602,0.27313352,-9.587541,0.88092977,0.040956736,-0.6642063
2.156,2.7849247,0.2605101,-9.497723,0.88673794,-0.023462296,-0.67978936
2.158,2.8210053,0.2493993,-9.405884,0.89330655,-0.08621368,-0.6947612
2.16,2.856018,0.2398684,-9.312216,0.9006498,-0.14726977,-0.70905364
2.162,2.88985,0.23191023,-9.216866,0.9087797,-0.2066152,-0.722619
2.164,2.922541,0.22546828,-9.120043,0.9177128,-0.2642336,-0.7354137
2.166,2.9540565,0.22068429,-9.021878,0.9274586,-0.32011604,-0.7474036
2.168,2.9844537,0.21741664,-8.922497,0.9380362,-0.37425315,-0.758571
2.17,3.0134654,0.2158457,-8.821916,0.9494653,-0.4266341,-0.7689179
2.172,3.0412142,0.21578515,-8.72044,0.96176577,-0.47726208,-0.77845347
2.174,3.0676782,0.21736622,-8.618074,0.974944,-0.52613676,-0.7871954
2.176,3.0927405,0.22060657,-8.514989,0.98901486,-0.57326096,-0.79516494
2.178,3.1163206,0.2254417,-8.411309,1.0039945,-0.6186467,-0.8023919
2.18,3.138664,0.23177981,-8.307203,1.0198891,-0.66231215,-0.808908
2.182,3.1596346,0.2395463,-8.202723,1.0367126,-0.70428365,-0.8147352
2.184,3.1790717,0.2487948,-8.0979805,1.0544608,-0.7445892,-0.81988704
2.186,3.1970425,0.25941443,-7.9930153,1.0731356,-0.7832632,-0.8243711
2.188,3.2135684,0.27142465,-7.8879843,1.0927482,-0.8203372,-0.8281888
2.19,3.2286935,0.2846086,-7.7830367,1.1132859,-0.8558494,-0.83133316
2.192,3.2422976,0.29895103,-7.678172,1.1347356,-0.8898461,-0.83380705
2.194,3.254541,0.31438267,-7.5734386,1.1570885,-0.9223388,-0.83560103
2.196,3.2654445,0.3307017,-7.468983,1.1803309,-0.953372,-0.83670557
2.198,3.2750742,0.34782338,-7.3647995,1.2044437,-0.98295856,-0.83711183
2.2,3.2834795,0.36570287,-7.2609463,1.2294133,-1.0111192,-0.8368242
2.202,3.2908185,0.38416398,-7.157551,1.2552211,-1.0378681,-0.8358565
2.204,3.2972698,0.403127,-7.054584,1.2818267,-1.0632106,-0.8342078
2.206,3.3028374,0.42247748,-6.9521503,1.3092122,-1.087148,-0.831885
2.208,3.307628,0.4421091,-6.8501787,1.3373538,-1.1096907,-0.8288919
2.21,3.311902,0.46192563,-6.7487507,1.3662074,-1.1308436,-0.82524425
2.212,3.3157172,0.48184627,-6.6479363,1.3957392,-1.1506112,-0.82094
2.214,3.3192375,0.50183475,-6.547714,1.4259207,-1.169013,-0.81599367
2.216,3.3223894,0.5218809,-6.4480915,1.456704,-1.1860656,-0.81039745
2.218,3.3254764,0.5419116,-6.3491364,1.4880538,-1.2018046,-0.80415165
2.22,3.3286328,0.561962,-6.250934,1.5199101,-1.2162571,-0.79724705
2.222,3.331883,0.5819308,-6.1533804,1.5522257,-1.2294793,-0.7896669
2.224,3.3353872,0.6019159,-6.0566273,1.5849426,-1.2415241,-0.7813827
2.226,3.3390896,0.62195295,-5.9605536,1.6180067,-1.2524426,-0.7723613
2.228,3.3433373,0.6420131,-5.8652363,1.651354,-1.2623068,-0.76257
2.23,3.3480814,0.6620685,-5.7706456,1.6849425,-1.2711889,-0.75196725
2.232,3.3534057,0.68224084,-5.676787,1.7187002,-1.2791625,-0.7405139
2.234,3.3595133,0.7025912,-5.5837545,1.752574,-1.2862946,-0.72819024
2.236,3.3663063,0.72297823,-5.4914713,1.786515,-1.2926652,-0.71498156
2.238,3.373851,0.74367774,-5.3999367,1.8204751,-1.2983459,-0.7008983
2.24,3.3822513,0.7645589,-5.3091736,1.8544072,-1.3033953,-0.68596494
2.242,3.3914406,0.78575593,-5.2191815,1.8882635,-1.3078768,-0.67022496
2.244,3.4014928,0.80729103,-5.129948,1.9220068,-1.311836,-0.653733
2.246,3.4123898,0.82911515,-5.041357,1.9556224,-1.3153234,-0.6365547
2.248,3.4241092,0.8513302,-4.953559,1.9890869,-1.3183839,-0.61875916
2.25,3.4366882,0.8738612,-4.8664856,2.022377,-1.3210441,-0.60041237
2.252,3.4500535,0.89679205,-4.78014,2.055484,-1.3233392,-0.5815612
2.254,3.46426,0.9200367,-4.6944447,2.0884051,-1.3252907,-0.5622444
2.256,3.479309,0.943729,-4.6094837,2.1211386,-1.3269169,-0.5424844
2.258,3.4951544,0.96778834,-4.5252,2.1536765,-1.328235,-0.5223038
2.26,3.511654,0.9922204,-4.4415703,2.1860015,-1.3292576,-0.5016995
2.262,3.5289187,1.0169826,-4.3586907,2.2180927,-1.3299954,-0.48067826
2.264,3.5468473,1.0420519,-4.2763896,2.249938,-1.3304565,-0.45922786
2.266,3.5654798,1.067518,-4.1948133,2.2814958,-1.3306586,-0.43736005
2.268,3.58478,1.0933245,-4.113958,2.3127172,-1.3306135,-0.41507936
2.27,3.6047657,1.1194568,-4.0338087,2.3435621,-1.33034,-0.39241755
2.272,3.6253486,1.1459703,-3.9543288,2.373979,-1.3298604,-0.3694039
2.274,3.6465461,1.1728796,-3.875514,2.4039242,-1.3292091,-0.34608305
2.276,3.6684246,1.2000283,-3.7973871,2.433344,-1.3284062,-0.32250458
2.278,3.690806,1.2276635,-3.7199042,2.4621994,-1.3274974,-0.29870933
2.28,3.7139916,1.2555764,-3.6431231,2.4904368,-1.3265232,-0.27474958
2.282,3.737774,1.2839602,-3.5669653,2.5180244,-1.3255396,-0.25066745
2.284,3.7621484,1.3127455,-3.491407,2.5449138,-1.3245987,-0.22649735
2.286,3.7871542,1.3418391,-3.4164221,2.5710835,-1.3237737,-0.2022698
2.288,3.8128116,1.3712921,-3.341956,2.5964968,-1.3231329,-0.17801017
2.29,3.838962,1.4011552,-3.2679935,2.621118,-1.3227309,-0.15374798
2.292,3.8657,1.4313259,-3.1945288,2.6449208,-1.3226233,-0.12950915
2.294,3.8931277,1.4617362,-3.121468,2.667872,-1.3228498,-0.10532236
2.296,3.9210649,1.4923621,-3.0487623,2.6899421,-1.3234519,-0.08122802
2.298,3.9496057,1.5231113,-2.9763556,2.7111053,-1.3244492,-0.057266712
2.3,3.9786587,1.5541279,-2.904148,2.7313247,-1.3258507,-0.03348148
2.302,4.008353,1.5851588,-2.8322358,2.750576,-1.3276616,-0.009925723
2.304,4.038477,1.6161541,-2.7604046,2.7688456,-1.3298676,0.013342857
2.306,4.0690417,1.647094,-2.68863,2.7861154,-1.3324641,0.036272764
2.308,4.1001024,1.6779796,-2.6169426,2.8023858,-1.3354398,0.058811545
2.31,4.131488,1.7086058,-2.545146,2.8176658,-1.3387852,0.080911756
2.312,4.163124,1.7389873,-2.4732788,2.8319757,-1.3424833,0.102541566
2.314,4.1949873,1.7690858,-2.401309,2.8453374,-1.346517,0.12367332
2.316,4.2270455,1.7988008,-2.3291566,2.8577745,-1.3508815,0.14430928
2.318,4.2592025,1.8281876,-2.2568889,2.869316,-1.3555766,0.16446078
2.32,4.2913723,1.8570687,-2.184359,2.8799915,-1.3606051,0.18416005
2.322,4.323511,1.8855066,-2.1117117,2.8898356,-1.365975,0.20344222
2.324,4.3556447,1.9133232,-2.0388021,2.8988569,-1.371698,0.22236186
2.326,4.3876715,1.9406396,-1.9657731,2.9070709,-1.3777893,0.24095458
2.328,4.4194613,1.967379,-1.8924806,2.9144802,-1.3842707,0.25924724
2.33,4.4508505,1.993534,-1.8189632,2.9210794,-1.3911637,0.27726513
2.332,4.48193,2.0190792,-1.7453085,2.9268627,-1.398495,0.295003
2.334,4.512494,2.043997,-1.6714741,2.9318323,-1.4062959,0.312459
2.336,4.5425115,2.0682435,-1.5975821,2.935982,-1.4145957,0.32961637
2.338,4.5719113,2.0918262,-1.5236163,2.9393084,-1.4234211,0.34643644
2.34,4.600586,2.114786,-1.4496038,2.9418187,-1.4327873,0.36287236
2.342,4.628473,2.1370344,-1.3755181,2.943517,-1.4427265,0.3788901
2.344,4.655529,2.1585553,-1.3013994,2.9444158,-1.4532777,0.39443958
2.346,4.681694,2.1793778,-1.2273028,2.9445083,-1.4644507,0.4094671
2.348,4.706982,2.1994088,-1.1532279,2.943814,-1.4762697,0.4239208
2.35,4.731329,2.2185044,-1.0791817,2.9423468,-1.4887365,0.43776506
2.352,4.754589,2.2367983,-1.0051345,2.940105,-1.5018528,0.45095766
2.354,4.776707,2.254186,-0.93121386,2.9371047,-1.5156177,0.46347076
2.356,4.797668,2.2706575,-0.8574854,2.9333582,-1.5300294,0.4752763
2.358,4.817509,2.2861316,-0.78376293,2.9288642,-1.5450752,0.486381
2.36,4.8361506,2.3006659,-0.7101631,2.923633,-1.560735,0.49678987
2.362,4.85353,2.3141365,-0.63671553,2.9176667,-1.5769868,0.50652385
2.364,4.8696027,2.326615,-0.56346655,2.910969,-1.5938046,0.5156084
2.366,4.884307,2.338,-0.49025714,2.9035594,-1.6111624,0.5240707
2.368,4.897721,2.3483052,-0.41725945,2.8954532,-1.6290308,0.53194326
2.37,4.9098763,2.3575563,-0.34440708,2.8866737,-1.6473669,0.5392573
2.372,4.920652,2.3658223,-0.2716987,2.877245,-1.6661202,0.5460401
2.374,4.930043,2.3730295,-0.19926715,2.867195,-1.6852534,0.55230355
2.376,4.9382257,2.3791492,-0.12695324,2.8565505,-1.7047293,0.558076
2.378,4.9449286,2.384312,-0.05481875,2.8453493,-1.7245102,0.5633672
2.38,4.950295,2.3884938,0.017142296,2.8336158,-1.7445585,0.5682105
2.382,4.954381,2.391658,0.0889833,2.821383,-1.7648504,0.57262707
2.384,4.9571037,2.3939402,0.1606853,2.808673,-1.7853589,0.57663316
2.386,4.958495,2.3954315,0.23227757,2.7955058,-1.8060559,0.58025795
2.388,4.9587183,2.3960102,0.30362928,2.7818885,-1.8269053,0.58352745
2.39,4.9576397,2.3958561,0.37492228,2.7678335,-1.8478853,0.5864678
2.392,4.9552565,2.3949096,0.44611585,2.7533474,-1.868967,0.5891221
2.394,4.951694,2.3932962,0.51712704,2.738437,-1.8901117,0.5915238
2.396,4.9470787,2.3910413,0.5880146,2.723109,-1.9112837,0.59369653
2.398,4.941264,2.388135,0.65869015,2.7073765,-1.9324402,0.5956798
2.4,4.934361,2.3846822,0.72927487,2.6912594,-1.9535558,0.59751236
2.402,4.9264812,2.3806636,0.79974663,2.6747775,-1.9745873,0.59922093
2.404,4.9175572,2.3761282,0.87003213,2.6579494,-1.9955112,0.60082406
2.406,4.907739,2.371018,0.94014794,2.6408222,-2.016287,0.60234946
2.408,4.897021,2.365437,1.0100558,2.6234207,-2.0368779,0.6038231
2.41,4.8854933,2.3593137,1.0798374,2.6057901,-2.0572462,0.6052619
2.412,4.8730807,2.3527436,1.1494273,2.5879753,-2.0773563,0.6066649
2.414,4.8598814,2.345711,1.2186639,2.5700202,-2.0971646,0.6080382
2.416,4.845985,2.3382828,1.2876508,2.5519593,-2.11661,0.60938287
2.418,4.831402,2.330364,1.3563609,2.5338316,-2.13565,0.6107016
2.42,4.8161287,2.3220582,1.424648,2.5156705,-2.1542506,0.6120011
2.422,4.8002853,2.313306,1.4925642,2.4975111,-2.1723702,0.613285
2.424,4.7838078,2.3040843,1.5599997,2.4793866,-2.189969,0.61457825
2.426,4.7667823,2.2945051,1.626947,2.461332,-2.2070224,0.615896
2.428,4.7492785,2.284429,1.6933722,2.4433777,-2.223485,0.6172767
2.43,4.7311716,2.2739594,1.7592101,2.4255416,-2.2393198,0.618736
2.432,4.7125807,2.263029,1.8243945,2.4078386,-2.2545085,0.6203074
2.434,4.6934896,2.2516897,1.8889209,2.3902717,-2.2690077,0.6219938
2.436,4.6739373,2.2397585,1.9527435,2.372828,-2.2827828,0.62379915
2.438,4.65396,2.2273695,2.0157456,2.3555036,-2.2958157,0.6257189
2.44,4.633669,2.2144132,2.0779982,2.3382883,-2.3080797,0.6277398
2.442,4.6130776,2.2009115,2.1394475,2.3211582,-2.3195632,0.62984836
2.444,4.5922637,2.1868646,2.200106,2.3041067,-2.3302538,0.6320247
2.446,4.571302,2.1721995,2.2600079,2.2871366,-2.3401687,0.634267
2.448,4.550069,2.156897,2.319017,2.2702599,-2.349314,0.63657296
2.45,4.528811,2.1408749,2.3773162,2.2534838,-2.3576846,0.6389558
2.452,4.5074286,2.1241736,2.4347186,2.2368383,-2.365303,0.64141774
2.454,4.485975,2.1067743,2.4914174,2.220346,-2.3721793,0.6439781
2.456,4.4645925,2.088656,2.5473845,2.204038,-2.3783286,0.6466641
2.458,4.443214,2.0698075,2.6027267,2.1879432,-2.3837533,0.6494831
2.46,4.421915,2.0503771,2.6573517,2.1720831,-2.3884492,0.6524489
2.462,4.4008546,2.0301902,2.711405,2.1564634,-2.392413,0.6555512
2.464,4.379942,2.0093837,2.7648537,2.1410909,-2.3956296,0.65881234
2.466,4.3592167,1.9879405,2.8178425,2.1259654,-2.3980925,0.6622369
2.468,4.3386903,1.9660032,2.8702757,2.1110744,-2.3997917,0.6658248
2.47,4.3184257,1.9436109,2.9221532,2.0964093,-2.400733,0.66958755
2.472,4.2983584,1.9207675,2.9735856,2.081952,-2.4009047,0.673532
2.474,4.2786293,1.897583,3.0246294,2.067683,-2.4003057,0.6776684
2.476,4.259131,1.8741171,3.0752265,2.0535798,-2.3989444,0.6820128
2.478,4.2398834,1.8505261,3.1254277,2.0396233,-2.3968453,0.686558
2.48,4.2208505,1.8267977,3.1752782,2.0257971,-2.394017,0.6913247
2.482,4.2021203,1.8029885,3.2246869,2.0120878,-2.3904958,0.69631064
2.484,4.1836014,1.7793112,3.2737632,1.9984894,-2.3863103,0.7015092
2.486,4.1653776,1.7558048,3.3223977,1.9849919,-2.381494,0.7069099
2.488,4.1474433,1.7324786,3.37053,1.9715766,-2.3761036,0.71250826
2.49,4.129707,1.7094253,3.418218,1.9582403,-2.3701787,0.71829593
2.492,4.1122932,1.6867883,3.4653928,1.9449551,-2.3637714,0.7242398
2.494,4.0951715,1.6644753,3.5120306,1.931703,-2.3569345,0.73032856
2.496,4.0782323,1.6425713,3.5581071,1.9184654,-2.349733,0.73653615
2.498,4.0615377,1.6211026,3.6036878,1.905208,-2.3422227,0.74284446
2.5,4.0450335,1.6000082,3.648602,1.891901,-2.3344321,0.74922466
2.502,4.0287642,1.5794908,3.6929393,1.8785006,-2.326421,0.7556585
2.504,4.0126743,1.5594168,3.7366126,1.8649843,-2.3182364,0.7621118
2.506,3.9967246,1.5398355,3.7796695,1.8513196,-2.3099082,0.76856893
2.508,3.9811072,1.5208846,3.8220365,1.8374885,-2.30148,0.7749907
2.51,3.9656157,1.5024729,3.8636343,1.8234742,-2.2929711,0.781348
2.512,3.9502437,1.4846854,3.904437,1.8092798,-2.284403,0.7876373
2.514,3.935038,1.467544,3.944556,1.794891,-2.2758114,0.7938329
2.516,3.9200785,1.4511278,3.9838028,1.7803165,-2.267206,0.7999313
2.518,3.905203,1.43531,4.022307,1.7655559,-2.2586043,0.8059192
2.52,3.890452,1.4201372,4.059854,1.7506058,-2.2500007,0.81180644
2.522,3.875858,1.4057168,4.096634,1.7354558,-2.2414153,0.81761014
2.524,3.861258,1.3920283,4.132557,1.7200917,-2.232846,0.82335246
2.526,3.8468788,1.3789792,4.167513,1.7044814,-2.2242913,0.8290725
2.528,3.832455,1.3666947,4.2015815,1.6885927,-2.2157538,0.83479416
2.53,3.8182545,1.3550225,4.234739,1.6723833,-2.2072456,0.8405404
2.532,3.804011,1.3440446,4.267,1.6558335,-2.1987782,0.8463352
2.534,3.7897966,1.3337008,4.2982907,1.6389196,-2.1903672,0.85216856
2.536,3.7755756,1.3239269,4.328645,1.62164,-2.182025,0.85801697
2.538,3.7613654,1.3147106,4.357999,1.603998,-2.173777,0.86383814
2.54,3.747175,1.3059494,4.386324,1.5860006,-2.1656399,0.8695782
2.542,3.7329702,1.297681,4.4137764,1.5676938,-2.1576421,0.8751631
2.544,3.7187214,1.2897903,4.440204,1.5491083,-2.1497967,0.880522
2.546,3.7044308,1.2822237,4.4656324,1.5302715,-2.1421115,0.8856125
2.548,3.69013,1.2749319,4.490131,1.5112072,-2.1345885,0.89038146
2.55,3.675734,1.2678894,4.5136747,1.4919294,-2.1272254,0.894823
2.552,3.6611125,1.2610528,4.5361958,1.4724414,-2.1200175,0.8989578
2.554,3.646463,1.2543063,4.5577207,1.4527297,-2.1129653,0.90281445
2.556,3.6316977,1.2477033,4.578335,1.4327853,-2.106053,0.9064351
2.558,3.6167078,1.2412564,4.5981045,1.4125783,-2.0992703,0.90989643
2.56,3.6015613,1.2349486,4.6168513,1.3920878,-2.092616,0.913255
2.562,3.5861795,1.2287654,4.634785,1.3712848,-2.086085,0.9165682
2.564,3.5705593,1.2227887,4.6517534,1.350158,-2.0796907,0.9198698
2.566,3.5546196,1.2170047,4.6678314,1.32869,-2.0734437,0.9231796
2.568,3.5382712,1.2114581,4.6830707,1.3068894,-2.0673587,0.9265178
2.57,3.521382,1.2061784,4.6975613,1.2847528,-2.061454,0.929878
2.572,3.5040286,1.2012306,4.7113304,1.2622895,-2.0557597,0.9332614
2.574,3.486054,1.196601,4.724388,1.2395153,-2.0503066,0.93665755
2.576,3.4674752,1.1923783,4.736745,1.2164412,-2.0451066,0.940049
2.578,3.448316,1.1885234,4.7484856,1.1930856,-2.040191,0.94340837
2.58,3.4282672,1.1851093,4.759772,1.1694826,-2.03558,0.9467151
2.582,3.4074168,1.1822505,4.770536,1.145659,-2.031285,0.94994473
2.584,3.3856702,1.1798338,4.780739,1.1216316,-2.0273204,0.953073
2.586,3.3629155,1.1779606,4.790469,1.0974156,-2.0236733,0.9560737
2.588,3.3391368,1.1765988,4.799822,1.0730408,-2.0203412,0.95891625
2.59,3.3143148,1.1756941,4.8088374,1.0485227,-2.0173032,0.9615838
2.592,3.2883697,1.1753721,4.8175178,1.0238883,-2.0145295,0.9640483
2.594,3.261314,1.1755258,4.8259377,0.999168,-2.0119908,0.96628815
2.596,3.2330215,1.1761906,4.834065,0.97437936,-2.009653,0.9682974
2.598,3.2035866,1.1774313,4.8420367,0.9495346,-2.0074897,0.9700734
2.6,3.1729562,1.1792483,4.8497634,0.92465705,-2.0054688,0.9716215
2.602,3.1411533,1.1815541,4.857299,0.89975184,-2.0035658,0.97296834
2.604,3.1080835,1.1845382,4.8646455,0.8748306,-2.00176,0.97413516
2.606,3.073945,1.1881461,4.8718853,0.8498969,-2.0000474,0.9751648
2.608,3.0386643,1.1924472,4.878994,0.82494324,-1.998421,0.9761151
2.61,3.002409,1.1974577,4.8859572,0.79996186,-1.9968963,0.97703093
2.612,2.9652717,1.203119,4.892801,0.7749467,-1.9954742,0.9779474
2.614,2.927254,1.2094903,4.899558,0.7498897,-1.994163,0.9788927
2.616,2.8883736,1.216558,4.9062843,0.7247922,-1.9929758,0.97987866
2.618,2.8487945,1.224267,4.9129868,0.6996528,-1.9919384,0.98089397
2.62,2.8086808,1.2325983,4.9197617,0.67448467,-1.9910607,0.9819114
2.622,2.768075,1.2414886,4.926664,0.64929795,-1.9903499,0.98286873
2.624,2.7270906,1.2507966,4.9336824,0.62410825,-1.9898211,0.98369664
2.626,2.6859314,1.2605451,4.9409904,0.598937,-1.9894763,0.9843151
2.628,2.6448028,1.270632,4.9485598,0.5738016,-1.9893239,0.98463655
2.63,2.6037722,1.2808906,4.95665,0.5487247,-1.9893644,0.98458844
2.632,2.5630565,1.2911326,4.9652357,0.52372676,-1.989599,0.9841272
2.634,2.5229564,1.3012328,4.974459,0.49881637,-1.9900215,0.9831962
2.636,2.4834957,1.3109859,4.984478,0.47401398,-1.9906029,0.98177177
2.638,2.4448025,1.3202486,4.99532,0.44933695,-1.9913,0.9798309
2.64,2.4070516,1.328889,5.0070143,0.42480215,-1.9920739,0.9773585
2.642,2.3705015,1.3365552,5.0197225,0.40042508,-1.992844,0.97434974
2.644,2.335375,1.343164,5.0335903,0.37622517,-1.9935056,0.9707932
2.646,2.3018053,1.3485351,5.048609,0.35222244,-1.993943,0.9666792
2.648,2.2698574,1.3524661,5.0648894,0.32845396,-1.9940223,0.9619927
2.65,2.2396219,1.3548167,5.0825596,0.30494866,-1.9935865,0.95671576
2.652,2.2113316,1.3553207,5.101496,0.2817654,-1.9924808,0.95083594
2.654,2.1849482,1.3540294,5.121791,0.25896806,-1.9905353,0.9443371
2.656,2.1605914,1.3506911,5.143486,0.23663074,-1.9875984,0.9372114
2.658,2.1381521,1.3453062,5.1665325,0.21482211,-1.9835243,0.92947674
2.66,2.1176717,1.3377752,5.1907725,0.19362491,-1.978174,0.92114556
2.662,2.0991697,1.3280386,5.216331,0.17311543,-1.9714407,0.9122439
2.664,2.0824041,1.316292,5.243115,0.15336514,-1.9632144,0.9028283
2.666,2.0673945,1.3024436,5.2709045,0.13444042,-1.9534272,0.89295256
2.668,2.0541372,1.286489,5.299609,0.11638113,-1.9420102,0.88269264
2.67,2.0423136,1.2685714,5.3292007,0.09923709,-1.9288951,0.8721353
2.672,2.0317485,1.2488256,5.3594294,0.08301161,-1.9140346,0.86136454
2.674,2.0223708,1.2273425,5.3902254,0.06771152,-1.8973833,0.85046947
2.676,2.0139737,1.2043275,5.4213786,0.053327158,-1.878907,0.83955467
2.678,2.0063899,1.1798996,5.452695,0.039835334,-1.8585778,0.8287189
2.68,1.9995176,1.1542945,5.484086,0.027191535,-1.836373,0.81805027
2.682,1.9929103,1.1277292,5.515277,0.015353322,-1.8122706,0.80764323
2.684,1.9865847,1.1004171,5.546215,0.004274845,-1.7862518,0.7975658
2.686,1.980278,1.072535,5.576665,-0.0061092824,-1.7583143,0.78788316
2.688,1.9737499,1.0443532,5.6065526,-0.015839025,-1.7284667,0.7786371
2.69,1.9671285,1.0160174,5.6356564,-0.024960712,-1.6967337,0.76985186
2.692,1.9600456,0.98775554,5.663933,-0.03350541,-1.6631511,0.76153433
2.694,1.9524705,0.9598024,5.691224,-0.041511096,-1.6277673,0.75367963
2.696,1.9443036,0.932184,5.7174745,-0.049002223,-1.5906521,0.7462534
2.698,1.9355078,0.90521383,5.7425623,-0.05599086,-1.5518721,0.73922014
2.7,1.9258657,0.8790531,5.7664266,-0.06249175,-1.5115209,0.7325327
2.702,1.9153166,0.8537576,5.789068,-0.06853763,-1.4696826,0.7261429
2.704,1.9039725,0.8295269,5.810398,-0.074152246,-1.4264584,0.72001135
2.706,1.8916308,0.80635357,5.830394,-0.079362355,-1.3819542,0.7140851
2.708,1.8782498,0.7843702,5.849062,-0.084202096,-1.3362806,0.7083276
2.71,1.8638932,0.763643,5.8664155,-0.08870746,-1.2895356,0.70270437
2.712,1.8484182,0.74431443,5.882398,-0.09291007,-1.2418196,0.6971919
2.714,1.8319644,0.72632504,5.897148,-0.09685092,-1.1932371,0.69177634
2.716,1.8143624,0.70979285,5.910556,-0.100573234,-1.1438785,0.6864535
2.718,1.7956846,0.69466805,5.9227977,-0.104120195,-1.0938377,0.6812093
2.72,1.7759448,0.68106556,5.9339805,-0.107529,-1.0431886,0.67605114
2.722,1.7552038,0.6688771,5.9440722,-0.11082961,-0.9920258,0.6709865
2.724,1.7335528,0.65815306,5.953164,-0.11406437,-0.94041806,0.6660233
2.726,1.7110398,0.6489539,5.961322,-0.1172449,-0.88842404,0.6611762
2.728,1.6876273,0.6411619,5.9686627,-0.12040589,-0.83611697,0.6564463
2.73,1.6634673,0.6347847,5.9752135,-0.12357348,-0.78353924,0.65182495
2.732,1.6387813,0.62982893,5.980976,-0.12676305,-0.7307408,0.6473113
2.734,1.6135955,0.62633014,5.9860086,-0.12999487,-0.6777582,0.64289093
2.736,1.5879157,0.6240921,5.990468,-0.13328268,-0.62462735,0.6385403
2.738,1.5619442,0.62315345,5.9942923,-0.13664207,-0.57137716,0.6342302
2.74,1.5357981,0.623435,5.9975266,-0.1400876,-0.51802266,0.62992036
2.742,1.5095556,0.6248629,6.0002055,-0.14363848,-0.464576,0.625584
2.744,1.4833107,0.62749267,6.0023394,-0.1473105,-0.41105562,0.62117696
2.746,1.4571714,0.63121223,6.0038767,-0.15111224,-0.35748014,0.6166685
2.748,1.4314436,0.6359246,6.0048428,-0.15505539,-0.30386576,0.61202365
2.75,1.4060163,0.6415734,6.0052605,-0.15916416,-0.25023854,0.60722524
2.752,1.3810419,0.6482425,6.0050435,-0.16345716,-0.19664209,0.60225356
2.754,1.3565991,0.65573835,6.0040874,-0.16795942,-0.1431079,0.59710443
2.756,1.3328174,0.6639819,6.0023384,-0.17268278,-0.08968957,0.59177023
2.758,1.31002,0.6726482,6.0003433,-0.17765787,-0.036441237,0.5862534
2.76,1.2881284,0.6819093,5.9975996,-0.18292359,0.016582668,0.58056736
2.762,1.2670414,0.6917255,5.9941735,-0.18851386,0.069328725,0.5747185
2.764,1.246958,0.7019465,5.9899693,-0.19446822,0.12174979,0.56871516
2.766,1.2279001,0.7125745,5.984969,-0.20082037,0.17379884,0.5625564
2.768,1.20996,0.72344065,5.979148,-0.20761791,0.22543637,0.5562422
2.77,1.193104,0.7345531,5.97263,-0.21489453,0.27663338,0.5497781
2.772,1.1773891,0.74582386,5.9653015,-0.22267793,0.3273608,0.54316366
2.774,1.1628515,0.7570648,5.9572067,-0.2310006,0.37759018,0.5363885
2.776,1.1493917,0.7683296,5.9484043,-0.23989116,0.42729324,0.52943516
2.778,1.137027,0.7795353,5.9390073,-0.24935524,0.47642952,0.52229357
2.78,1.1257114,0.7906115,5.9290133,-0.2594111,0.52495855,0.514945
2.782,1.1155733,0.80146337,5.918516,-0.27006674,0.57282907,0.50738144
2.784,1.1063979,0.8120432,5.90755,-0.28132907,0.61997116,0.49958166
2.786,1.0981797,0.8223338,5.896226,-0.29263422,0.66489613,0.491874
2.788,1.0909171,0.8322959,5.8846154,-0.3042165,0.70826024,0.48409128
2.79,1.084459,0.84188783,5.872754,-0.31595728,0.74977136,0.47629505
2.792,1.0788906,0.85106254,5.860795,-0.32771522,0.78913075,0.4685648
2.794,1.0740826,0.8598416,5.848752,-0.33933204,0.82606936,0.46098274
2.796,1.0699496,0.8682108,5.8367605,-0.35065705,0.8603643,0.45363665
2.798,1.0664537,0.8761072,5.824781,-0.36155054,0.8918689,0.44661084
2.8,1.0634663,0.8836076,5.8129497,-0.3718987,0.92052066,0.43996942
2.802,1.0610582,0.89068437,5.801277,-0.38161016,0.94634175,0.4337651
2.804,1.0590367,0.897336,5.789873,-0.39062783,0.9694295,0.42803225
2.806,1.0574858,0.9036896,5.778675,-0.39893022,0.9899541,0.42278343
2.808,1.0560732,0.909605,5.7677402,-0.40651867,1.0081239,0.41800535
