Time_s_,Acc_x_m_s_2_,Acc_y_m_s_2_,Acc_z_m_s_2_,Gyro_x_1_s_,Gyro_y_1_s_,Gyro_z_1_s_
0,-1.3354994,-0.22907251,-0.73858494,-0.70036876,-0.6356944,-0.833854
0.002,-1.3234859,-0.23999241,-0.72950006,-0.7041487,-0.63902795,-0.8359063
0.004,-1.3099266,-0.25176382,-0.7198304,-0.708242,-0.6427113,-0.838211
0.006,-1.2945881,-0.26460546,-0.70951504,-0.71263224,-0.6467589,-0.8408062
0.008,-1.2772046,-0.27843142,-0.69861066,-0.7172934,-0.65116733,-0.8437129
0.01,-1.2577283,-0.29340056,-0.6870259,-0.7221696,-0.6559322,-0.84695
0.012,-1.2358913,-0.3094184,-0.67494357,-0.7271919,-0.6610329,-0.850516
0.014,-1.2116308,-0.32671064,-0.66235113,-0.7322571,-0.66643804,-0.8543994
0.016,-1.1846483,-0.34514996,-0.6492458,-0.73725533,-0.6721126,-0.8586011
0.018,-1.1548554,-0.3647552,-0.635716,-0.74206823,-0.67800546,-0.8630947
0.02,-1.1221421,-0.38550696,-0.6217978,-0.7465892,-0.6840788,-0.86785
0.022,-1.0864733,-0.4074068,-0.60762835,-0.7507335,-0.6902915,-0.8728236
0.024,-1.0475595,-0.43043113,-0.59325486,-0.7544223,-0.6966114,-0.87796915
0.026,-1.0055164,-0.45434737,-0.57881546,-0.7576135,-0.70302045,-0.8832401
0.028,-0.9603854,-0.47914696,-0.56448084,-0.760452,-0.70967484,-0.88870555
0.03,-0.9119683,-0.5046709,-0.550323,-0.762725,-0.7163488,-0.8941489
0.032,-0.86040694,-0.5307856,-0.53647196,-0.764507,-0.7230558,-0.8995292
0.034,-0.80585784,-0.55727136,-0.52299666,-0.76586705,-0.7298108,-0.90479445
0.036,-0.7483837,-0.58400315,-0.51007134,-0.76689106,-0.73661053,-0.9098834
0.038,-0.68818176,-0.61072385,-0.49780098,-0.76766706,-0.7434513,-0.91474116
0.04,-0.62534434,-0.63716155,-0.48634577,-0.76828676,-0.75032485,-0.9193067
0.042,-0.56026155,-0.6631392,-0.4758168,-0.7688276,-0.75720966,-0.9235407
0.044,-0.4932273,-0.68841404,-0.46629915,-0.7693693,-0.7640725,-0.9273985
0.046,-0.42448497,-0.7127563,-0.45792824,-0.7699921,-0.7708575,-0.9308387
0.048,-0.35445473,-0.7360039,-0.45069903,-0.77074736,-0.77750736,-0.93385243
0.05,-0.28347456,-0.7578932,-0.44471794,-0.7716966,-0.783943,-0.9364236
0.052,-0.21188918,-0.77819425,-0.4399613,-0.7728907,-0.7900584,-0.9385441
0.054,-0.14000294,-0.7967075,-0.4364782,-0.77436423,-0.79574066,-0.94020027
0.056,-0.067405984,-0.8136769,-0.43401253,-0.77615607,-0.80085814,-0.94138527
0.058,0.0046100016,-0.82833314,-0.43286896,-0.77829033,-0.8052869,-0.94208956
0.06,0.07561514,-0.84049153,-0.43317145,-0.78080106,-0.8089079,-0.9422864
0.062,0.145297,-0.8499756,-0.43481356,-0.7837136,-0.8116185,-0.94195706
0.064,0.21315873,-0.85661006,-0.4379364,-0.78706664,-0.81331396,-0.9410679
0.066,0.27916744,-0.86033237,-0.44234505,-0.7908948,-0.81392115,-0.9395726
0.068,0.34283677,-0.8609179,-0.44813815,-0.7952523,-0.8133916,-0.93741184
0.07,0.40404612,-0.8581804,-0.45522714,-0.800183,-0.81168896,-0.9345145
0.072,0.46262217,-0.8520899,-0.46368796,-0.80572844,-0.80881286,-0.9308104
0.074,0.51848584,-0.8425422,-0.47351953,-0.81191987,-0.80474925,-0.92623544
0.076,0.5715449,-0.82954353,-0.484707,-0.81878644,-0.7995128,-0.9207412
0.078,0.62170535,-0.8129103,-0.49729598,-0.8263768,-0.7931143,-0.9142759
0.08,0.66912115,-0.7927706,-0.5113429,-0.8347078,-0.78557277,-0.9068077
0.082,0.7137268,-0.7690383,-0.52679163,-0.84378225,-0.77691615,-0.8983152
0.084,0.7558253,-0.7417543,-0.5436483,-0.85360557,-0.76717454,-0.888811
0.086,0.79528356,-0.71081144,-0.56182605,-0.8641711,-0.75641644,-0.8783144
0.088,0.8323156,-0.6761541,-0.5814499,-0.8754821,-0.7446992,-0.8668859
0.09,0.8672819,-0.6378872,-0.6024475,-0.8875094,-0.7321084,-0.8545894
0.092,0.9003903,-0.5962093,-0.62475294,-0.9002056,-0.7187222,-0.84148866
0.094,0.93194294,-0.55123097,-0.64843315,-0.9135141,-0.7046345,-0.8276602
0.096,0.962111,-0.503116,-0.6733352,-0.92737377,-0.689935,-0.81317425
0.098,0.9910244,-0.45207188,-0.6994052,-0.9416945,-0.67471135,-0.7980885
0.1,1.0188898,-0.3981224,-0.7264273,-0.95637447,-0.6590126,-0.78244746
0.102,1.0458015,-0.34135997,-0.7541658,-0.9712994,-0.6428699,-0.76628006
0.104,1.0717878,-0.28187418,-0.78250176,-0.98631716,-0.6262649,-0.7495985
0.106,1.0966983,-0.21978807,-0.81108624,-1.001267,-0.6091253,-0.7324195
0.108,1.1204342,-0.1551083,-0.83957225,-1.0159843,-0.5913242,-0.7147463
0.11,1.1429164,-0.087925866,-0.868003,-1.0302653,-0.57269555,-0.69657624
0.112,1.1635954,-0.018231183,-0.8963351,-1.0439186,-0.5530393,-0.6779034
0.114,1.1821786,0.05390048,-0.9246067,-1.0567513,-0.5321501,-0.65871847
0.116,1.1980749,0.12870339,-0.95281875,-1.0686064,-0.50983125,-0.6390202
0.118,1.2105991,0.20612755,-0.98096126,-1.079339,-0.4859342,-0.61880845
0.12,1.2191459,0.286452,-1.0089514,-1.0888302,-0.460342,-0.59807545
0.122,1.2229,0.3698229,-1.0364898,-1.0970038,-0.43300158,-0.5767946
0.124,1.2209291,0.45679843,-1.0633731,-1.1038144,-0.40392724,-0.5548817
0.126,1.2121557,0.54749763,-1.0894984,-1.1092716,-0.37318826,-0.5322321
0.128,1.1955469,0.64223176,-1.1147425,-1.1134095,-0.34094104,-0.50868946
0.13,1.1701567,0.74111736,-1.1385051,-1.1162709,-0.3073865,-0.48405936
0.132,1.1347154,0.8444995,-1.1605431,-1.1179019,-0.27278313,-0.45815545
0.134,1.0882635,0.95286614,-1.1815405,-1.1183641,-0.23743549,-0.43080604
0.136,1.0301534,1.0663987,-1.2016113,-1.1177073,-0.20170245,-0.40184733
0.138,0.9597777,1.1856534,-1.2201822,-1.1159724,-0.16598526,-0.37113276
0.14,0.8764632,1.3108103,-1.2371114,-1.1131979,-0.13067368,-0.3385395
0.142,0.77969,1.4423103,-1.2526011,-1.1094135,-0.09620235,-0.3039375
0.144,0.66923654,1.5803595,-1.267655,-1.1046708,-0.06298047,-0.267216
0.146,0.5450548,1.7248013,-1.2822683,-1.0990111,-0.0313925,-0.22825146
0.148,0.4073668,1.8749808,-1.2955732,-1.0925092,-0.0017801076,-0.18692182
0.15,0.25640714,2.0306652,-1.3067474,-1.0852759,0.025534958,-0.14307126
0.152,0.092876986,2.1920931,-1.3159106,-1.0774955,0.050266564,-0.096543476
0.154,-0.08243573,2.359129,-1.3239208,-1.0693974,0.07214838,-0.04721023
0.156,-0.26863387,2.531753,-1.3312138,-1.0612717,0.09095149,0.0049895346
0.158,-0.46474695,2.7097638,-1.3380204,-1.053464,0.106426254,0.06000775
0.16,-0.66936857,2.8925622,-1.3443274,-1.0463609,0.118297845,0.11772306
0.162,-0.8814789,3.0797915,-1.3500197,-1.040332,0.12634967,0.17794724
0.164,-1.099087,3.2707565,-1.3546863,-1.0356959,0.13045803,0.24041851
0.166,-1.3234702,3.465694,-1.3577663,-1.0326631,0.13054867,0.30476576
0.168,-1.5506945,3.6633244,-1.3568401,-1.0313175,0.12668723,0.37057242
0.17,-1.7794387,3.8631349,-1.3525267,-1.0315753,0.11910872,0.43746123
0.172,-2.0094864,4.0648336,-1.3465555,-1.0331665,0.10832859,0.50509214
0.174,-2.239002,4.268494,-1.3386835,-1.0356215,0.095127285,0.573112
0.176,-2.4667842,4.473646,-1.3293223,-1.0383109,0.080445506,0.6411662
0.178,-2.6919725,4.680024,-1.3174694,-1.0405309,0.065364525,0.70900834
0.18,-2.9139254,4.8873644,-1.3018808,-1.0415751,0.0511121,0.7764978
0.182,-3.1321685,5.0953803,-1.2816513,-1.0407908,0.038976848,0.8434528
0.184,-3.3461213,5.303566,-1.2563013,-1.0376246,0.030102178,0.9095841
0.186,-3.55523,5.511751,-1.2249656,-1.0316752,0.025383279,0.9745044
0.188,-3.7591832,5.7200947,-1.1868134,-1.0227233,0.025427163,1.0377403
0.19,-3.9575744,5.9288282,-1.1416861,-1.0108318,0.030455649,1.0987327
0.192,-4.14997,6.137825,-1.0891337,-0.99634016,0.040296376,1.1568917
0.194,-4.3361573,6.3474565,-1.028885,-0.97983193,0.05436501,1.2116139
0.196,-4.5151677,6.5577316,-0.9605924,-0.962156,0.07158226,1.2622515
0.198,-4.6860776,6.768373,-0.8839916,-0.94436985,0.09047285,1.3081425
0.2,-4.8477798,6.9790354,-0.799029,-0.927647,0.10945544,1.3485941
0.202,-4.998829,7.188775,-0.70552325,-0.91330546,0.12651661,1.382848
0.204,-5.13783,7.3963385,-0.6027746,-0.9025964,0.13942361,1.4099301
0.206,-5.2627754,7.5998654,-0.49062943,-0.89658797,0.14584336,1.428605
0.208,-5.3710275,7.7967305,-0.36847305,-0.8962036,0.14328325,1.4373713
0.21,-5.461891,7.9845934,-0.23486686,-0.9021697,0.1293756,1.4344778
0.212,-5.53081,8.160497,-0.08931494,-0.91499394,0.10205367,1.417989
0.214,-5.575466,8.32011,0.069414616,-0.9349342,0.05961427,1.3859062
0.216,-5.591945,8.457603,0.24262118,-0.9619923,0.0007853806,1.3364217
0.218,-5.5763645,8.568045,0.43130255,-0.9958431,-0.075020045,1.2681149
0.22,-5.5262046,8.648401,0.63549995,-1.0358003,-0.16759357,1.1801846
0.222,-5.438653,8.696551,0.853611,-1.0808945,-0.2760327,1.0725505
0.224,-5.3112383,8.709362,1.0827498,-1.1299477,-0.39874414,0.94586706
0.226,-5.141837,8.681592,1.320334,-1.181684,-0.5335051,0.80155134
0.228,-4.9274225,8.606148,1.5657182,-1.2347853,-0.67742395,0.641745
0.23,-4.6655793,8.475435,1.8190954,-1.2878976,-0.82699716,0.46909875
0.232,-4.3547826,8.2831745,2.080597,-1.3397275,-0.9783979,0.28648347
0.234,-3.9937935,8.02491,2.349704,-1.3890889,-1.1275756,0.09686437
0.236,-3.5820227,7.6975746,2.6248112,-1.4350144,-1.2703222,-0.096803516
0.238,-3.1193755,7.298681,2.9032,-1.4767482,-1.4024718,-0.29170212
0.24,-2.6070988,6.8265457,3.18087,-1.513819,-1.5201595,-0.48533607
0.242,-2.0468378,6.280026,3.4540865,-1.5458924,-1.6196483,-0.67559814
0.244,-1.4421393,5.658898,3.7196329,-1.5724465,-1.697495,-0.8609941
0.246,-0.7972726,4.9646587,3.9730678,-1.5928243,-1.7507898,-1.0402861
0.248,-0.11744978,4.2001944,4.2093267,-1.6063681,-1.776987,-1.2120036
0.25,0.5885214,3.3711057,4.422633,-1.6124563,-1.7738807,-1.3744526
0.252,1.3027315,2.4855971,4.6092176,-1.6105527,-1.7396185,-1.5257626
0.254,2.041444,1.5353417,4.7824636,-1.6002016,-1.6727619,-1.6639618
0.256,2.8141327,0.51744187,4.934793,-1.5808988,-1.5718365,-1.786871
0.258,3.6052556,-0.5362568,5.064506,-1.5523189,-1.4356236,-1.8920012
0.26,4.390396,-1.5816643,5.1473026,-1.5144192,-1.2633377,-1.9766297
0.262,5.145183,-2.5927029,5.163062,-1.467569,-1.0547807,-2.0381231
0.264,5.8790145,-3.5636396,5.1351414,-1.4127345,-0.8108654,-2.0744338
0.266,6.5779643,-4.4922624,5.089922,-1.3515146,-0.5340421,-2.0845916
0.268,7.2292476,-5.3744535,5.0011053,-1.2861636,-0.22862369,-2.069032
0.27,7.8294935,-6.2076826,4.8318295,-1.2195191,0.09897703,-2.02978
0.272,8.379738,-6.9742823,4.588911,-1.1548902,0.44026476,-1.9703239
0.274,8.880747,-7.6486244,4.285833,-1.095845,0.78511405,-1.8952918
0.276,9.33622,-8.238336,3.9235148,-1.0459114,1.12251,-1.8099867
0.278,9.744284,-8.744124,3.5269732,-1.0083596,1.4413791,-1.7198148
0.28,10.10237,-9.146032,3.1217985,-0.9857623,1.7319267,-1.6298215
0.282,10.403981,-9.420063,2.7037742,-0.9793389,1.987138,-1.5447056
0.284,10.644787,-9.544431,2.2561915,-0.98866624,2.2032442,-1.4676222
0.286,10.827266,-9.506932,1.7613342,-1.011802,2.379674,-1.3974549
0.288,10.95616,-9.307432,1.2135265,-1.0443919,2.5192018,-1.3312699
0.29,11.031662,-8.949985,0.62276435,-1.0786498,2.6292393,-1.2659333
0.292,11.047683,-8.438254,-0.00014162064,-1.1047528,2.720896,-1.1989267
0.294,10.998925,-7.778822,-0.6541219,-1.1123567,2.807169,-1.128648
0.296,10.884908,-6.985356,-1.343111,-1.0925739,2.9040225,-1.0531967
0.298,10.706334,-6.076139,-2.0671878,-1.0363672,3.0278955,-0.96942604
0.3,10.4635515,-5.070232,-2.8212414,-0.9350852,3.1914756,-0.87340707
0.302,10.160104,-3.9879959,-3.5988412,-0.7829021,3.4024146,-0.76425594
0.304,9.805511,-2.853562,-4.394091,-0.57414484,3.6685092,-0.64950144
0.306,9.413328,-1.6944461,-5.202845,-0.30859247,3.991652,-0.5416876
0.308,8.999306,-0.5415711,-6.0161963,0.0034083724,4.363213,-0.45376974
0.31,8.57874,0.5726865,-6.8199677,0.34345964,4.7683744,-0.39917463
0.312,8.165935,1.6164434,-7.5976114,0.68772084,5.185505,-0.3933699
0.314,7.774564,2.5601006,-8.333205,1.0089369,5.585306,-0.45321983
0.316,7.4177284,3.378108,-9.011818,1.2794727,5.93435,-0.59361124
0.318,7.108376,4.0498314,-9.6207,1.4754138,6.1980805,-0.823267
0.32,6.860974,4.559664,-10.14979,1.5800095,6.345736,-1.141233
0.322,6.685416,4.8984604,-10.589481,1.5860887,6.3560405,-1.536037
0.324,6.5924644,5.0640807,-10.932766,1.496764,6.2203503,-1.987103
0.326,6.588716,5.059943,-11.174517,1.3243611,5.9435277,-2.4666724
0.328,6.677823,4.892334,-11.311461,1.0882533,5.543123,-2.9425826
0.33,6.860753,4.570625,-11.342303,0.81169444,5.0469446,-3.3820906
0.332,7.1336594,4.10864,-11.268196,0.5182795,4.4891953,-3.7562757
0.334,7.4885497,3.525972,-11.093595,0.22894645,3.9058342,-4.0438933
0.336,7.9139953,2.8476546,-10.827627,-0.039999306,3.3298488,-4.233605
0.338,8.394473,2.101636,-10.483642,-0.2775187,2.7880964,-4.3252964
0.34,8.913145,1.3156478,-10.07719,-0.47720098,2.2999907,-4.3299704
0.342,9.45259,0.5144236,-9.624384,-0.6372963,1.8767241,-4.2639923
0.344,9.995416,-0.28080702,-9.140499,-0.7600459,1.5211439,-4.1455784
0.346,10.524984,-1.0520641,-8.63917,-0.8491458,1.2306854,-3.9925709
0.348,11.02577,-1.784034,-8.132603,-0.9086034,0.99993694,-3.8207836
0.35,11.484401,-2.4645934,-7.6312165,-0.9424088,0.8203265,-3.6437063
0.352,11.889587,-3.0846684,-7.1435704,-0.9569884,0.68340445,-3.4718416
0.354,12.232236,-3.6382024,-6.6764717,-0.9600049,0.58291173,-3.3120177
0.356,12.505818,-4.1225643,-6.2346396,-0.95825714,0.5127876,-3.165586
0.358,12.706442,-4.5380173,-5.821188,-0.95973897,0.46269786,-3.0280995
0.36,12.835269,-4.8881288,-5.437031,-0.9682796,0.42486298,-2.8965893
0.362,12.901021,-5.1784787,-5.0827208,-0.9820025,0.3956766,-2.7726014
0.364,12.882692,-5.4006505,-4.770855,-0.99820334,0.370543,-2.6588285
0.366,12.777443,-5.5575542,-4.490244,-1.0146174,0.3465454,-2.5559378
0.368,12.608813,-5.681922,-4.2366867,-1.0287979,0.3242334,-2.4626858
0.37,12.401552,-5.8033543,-3.9877453,-1.0381613,0.30557036,-2.3777983
0.372,12.172422,-5.9228554,-3.7330885,-1.0408312,0.2936952,-2.3012314
0.374,11.906761,-6.022953,-3.5007467,-1.0358481,0.29136616,-2.2343879
0.376,11.617466,-6.0905623,-3.3084311,-1.023157,0.29962367,-2.1788015
0.378,11.31399,-6.121023,-3.1226263,-1.0033408,0.31847388,-2.1350627
0.38,10.995438,-6.112854,-2.9161742,-0.9773091,0.34768498,-2.1031916
0.382,10.659747,-6.0800076,-2.71049,-0.94629437,0.386939,-2.0831
0.384,10.306426,-6.038724,-2.5256639,-0.91165197,0.43574607,-2.0744662
0.386,9.936743,-5.9746213,-2.3645358,-0.8745593,0.493483,-2.0763755
0.388,9.553496,-5.886615,-2.2481246,-0.83605134,0.55935085,-2.0871842
0.39,9.162894,-5.7942786,-2.1847765,-0.7970645,0.6326347,-2.1048036
0.392,8.773192,-5.714737,-2.153139,-0.7583468,0.71289957,-2.1272385
0.394,8.386184,-5.6573205,-2.1317816,-0.72050864,0.7994216,-2.1529808
0.396,7.997849,-5.6198444,-2.1078138,-0.68388987,0.8909815,-2.1810012
0.398,7.6045227,-5.5925484,-2.0859666,-0.64856946,0.9859668,-2.21056
0.4,7.2075214,-5.568294,-2.082662,-0.61449593,1.0824503,-2.2410755
0.402,6.8126554,-5.5457635,-2.1069815,-0.58159745,1.1783829,-2.2720299
0.404,6.4221225,-5.5248976,-2.1550117,-0.5498949,1.2717307,-2.302842
0.406,6.0330734,-5.5036974,-2.2188158,-0.5194689,1.3606129,-2.3327203
0.408,5.642867,-5.4811077,-2.2955184,-0.4905553,1.4433994,-2.3605597
0.41,5.251006,-5.4594464,-2.3848565,-0.46360302,1.5187316,-2.3849921
0.412,4.854641,-5.442292,-2.4863548,-0.43931502,1.5855274,-2.4045973
0.414,4.4493213,-5.4315953,-2.5966444,-0.41852927,1.6429965,-2.4181461
0.416,4.030388,-5.427359,-2.7101932,-0.40205044,1.6906111,-2.4247634
0.418,3.5964656,-5.4280443,-2.8250728,-0.39045256,1.7281284,-2.4240384
0.42,3.1500907,-5.431943,-2.9426718,-0.38401866,1.7555581,-2.416083
0.422,2.6971354,-5.43822,-3.0634458,-0.3826813,1.773114,-2.4015536
0.424,2.2443502,-5.447383,-3.1842759,-0.38605922,1.781223,-2.3815758
0.426,1.7980385,-5.460923,-3.299896,-0.393497,1.7804518,-2.3576918
0.428,1.3633757,-5.4809837,-3.4048624,-0.40413857,1.771476,-2.3317294
0.43,0.94480944,-5.509928,-3.4941382,-0.41706693,1.7549891,-2.3056755
0.432,0.5466914,-5.5500317,-3.564508,-0.4314711,1.7315929,-2.2814744
0.434,0.17310989,-5.6027603,-3.6137705,-0.44678682,1.701737,-2.2608616
0.436,-0.17140245,-5.668129,-3.6397576,-0.4627766,1.6656586,-2.2452834
0.438,-0.48213947,-5.745231,-3.6406634,-0.47954613,1.6233358,-2.2358513
0.44,-0.754202,-5.8329077,-3.6153674,-0.497469,1.574615,-2.2333517
0.442,-0.9823774,-5.9302807,-3.5622237,-0.517131,1.5191617,-2.2383175
0.444,-1.1612173,-6.037183,-3.4799242,-0.53916335,1.4567188,-2.2510805
0.446,-1.2861092,-6.1545496,-3.3666642,-0.56414,1.3871423,-2.2717574
0.448,-1.3537315,-6.283135,-3.220749,-0.5924136,1.3105643,-2.3002377
0.45,-1.3620938,-6.423335,-3.040155,-0.6239947,1.2276733,-2.3362467
0.452,-1.3108506,-6.57438,-2.8224761,-0.65853435,1.1396847,-2.3793783
0.454,-1.201016,-6.734872,-2.5656767,-0.69538724,1.0483606,-2.4288962
0.456,-1.0348365,-6.902727,-2.2685347,-0.7336827,0.9560392,-2.483628
0.458,-0.8153186,-7.075553,-1.9304335,-0.7723989,0.86557525,-2.5420146
0.46,-0.5462291,-7.2509956,-1.5515221,-0.8104883,0.7801522,-2.6021898
0.462,-0.23219371,-7.4269714,-1.1324869,-0.846931,0.7030699,-2.662082
0.464,0.1221354,-7.6017623,-0.67446136,-0.8808303,0.6374824,-2.7196014
0.466,0.51085544,-7.773271,-0.17908919,-0.91149163,0.586167,-2.7726908
0.468,0.92730427,-7.939115,0.351359,-0.9385057,0.5513516,-2.8194
0.47,1.3638606,-8.096706,0.91231126,-0.96185875,0.5344653,-2.858052
0.472,1.8113841,-8.243452,1.4985849,-0.98194736,0.536009,-2.8873665
0.474,2.262314,-8.377624,2.1077578,-0.99948543,0.5556133,-2.906505
0.476,2.7084937,-8.496289,2.7360435,-1.0154691,0.59212995,-2.9151325
0.478,3.1387146,-8.595753,3.3794646,-1.0311245,0.64359754,-2.9133623
0.48,3.5445933,-8.673867,4.031597,-1.047831,0.7073822,-2.9016526
0.482,3.9194498,-8.729649,4.685443,-1.0670761,0.7803422,-2.8807025
0.484,4.2557907,-8.761161,5.333109,-1.0903403,0.8589854,-2.8513875
0.486,4.545806,-8.766648,5.967846,-1.1190281,0.939716,-2.814666
0.488,4.7858477,-8.744879,6.58253,-1.1543939,1.0190284,-2.7714958
0.49,4.9707108,-8.6935425,7.170273,-1.1974734,1.0937312,-2.7227526
0.492,5.0972185,-8.611338,7.724864,-1.2490351,1.161117,-2.6691494
0.494,5.1645675,-8.497107,8.241238,-1.3095913,1.2190694,-2.61125
0.496,5.1715875,-8.350275,8.716134,-1.3793576,1.2662569,-2.5495195
0.498,5.11736,-8.170582,9.1455,-1.4582944,1.3020933,-2.4843981
0.5,5.0024533,-7.9585752,9.525824,-1.54613,1.3267301,-2.4163303
0.502,4.8280754,-7.714402,9.854609,-1.6424874,1.3406758,-2.3458586
0.504,4.596469,-7.437867,10.129958,-1.7468824,1.3448024,-2.2735958
0.506,4.3115597,-7.129014,10.350087,-1.8587456,1.3402598,-2.2003253
0.508,3.9786386,-6.788389,10.514197,-1.9774476,1.328375,-2.127136
0.51,3.6039975,-6.416629,10.622936,-2.1024146,1.3104289,-2.0552068
0.512,3.1947823,-6.014718,10.678143,-2.2332149,1.2872308,-1.9858003
0.514,2.7591174,-5.5839424,10.682637,-2.3695858,1.2590674,-1.9202127
0.516,2.3054729,-5.1258793,10.63999,-2.511456,1.2255471,-1.8597658
0.518,1.8432646,-4.642703,10.55504,-2.6588686,1.1858405,-1.8055971
0.52,1.3818741,-4.1367126,10.433385,-2.8120735,1.138503,-1.7588121
0.522,0.9313917,-3.610308,10.282039,-2.9715362,1.0814857,-1.7203599
0.524,0.50102043,-3.0660949,10.108029,-3.1378026,1.0126086,-1.6909251
0.526,0.10000038,-2.5067065,9.919094,-3.311343,0.929719,-1.6709244
0.528,-0.26336992,-1.9346437,9.723128,-3.4925528,0.8307648,-1.6603715
0.53,-0.58127856,-1.3527339,9.528734,-3.681717,0.7140262,-1.6588433
0.532,-0.8473171,-0.76334715,9.34412,-3.8789067,0.57839334,-1.6655273
0.534,-1.0562004,-0.16868103,9.176573,-4.083949,0.42359328,-1.679279
0.536,-1.2040461,0.42946613,9.033473,-4.2964106,0.25027323,-1.6987655
0.538,-1.288558,1.0296563,8.922506,-4.515669,0.06000495,-1.7225457
0.54,-1.3095086,1.6309905,8.850539,-4.7409687,-0.14470983,-1.7491531
0.542,-1.2682996,2.2330961,8.823981,-4.971447,-0.36039948,-1.7772433
0.544,-1.168071,2.8359427,8.84741,-5.206181,-0.58275557,-1.8057475
0.546,-1.0132582,3.4398801,8.9229145,-5.444224,-0.80684114,-1.8339933
0.548,-0.809893,4.0458283,9.051212,-5.684555,-1.0273526,-1.8617076
0.55,-0.5647917,4.6547813,9.231874,-5.926059,-1.2388355,-1.8889943
0.552,-0.2857902,5.2680397,9.462871,-6.167517,-1.4359872,-1.9162216
0.554,0.01826334,5.887084,9.74101,-6.4076586,-1.613941,-1.9439424
0.556,0.33820057,6.513842,10.061546,-6.645159,-1.7683265,-1.9727933
0.558,0.6651356,7.150038,10.418196,-6.8787313,-1.8957303,-2.0034747
0.56,0.990113,7.797093,10.803355,-7.1071606,-1.9937978,-2.0366113
0.562,1.3048689,8.456198,11.208242,-7.3293533,-2.0612319,-2.0726569
0.564,1.6014402,9.128532,11.623399,-7.544311,-2.0976954,-2.1120257
0.566,1.8725863,9.814964,12.039181,-7.7511024,-2.1034853,-2.1549826
0.568,2.1120262,10.515942,12.4460745,-7.948941,-2.0795643,-2.2016473
0.57,2.3145046,11.231693,12.834635,-8.137143,-2.0273805,-2.251988
0.572,2.4757547,11.962086,13.195194,-8.3151865,-1.9489229,-2.3059046
0.574,2.5925112,12.706648,13.51865,-8.482574,-1.8463485,-2.3631113
0.576,2.6628914,13.464318,13.79697,-8.638857,-1.7218268,-2.4232907
0.578,2.6859498,14.233514,14.023091,-8.783746,-1.5776479,-2.4860897
0.58,2.661931,15.012458,14.192539,-8.917192,-1.416034,-2.5510736
0.582,2.5932608,15.79877,14.301065,-9.039324,-1.2389941,-2.6178493
0.584,2.481758,16.590246,14.343614,-9.1504135,-1.0483031,-2.6860232
0.586,2.329876,17.383987,14.3167095,-9.250911,-0.8455627,-2.7551835
0.588,2.1427393,18.176777,14.218097,-9.341418,-0.6322694,-2.8248472
0.59,1.9234381,18.966328,14.04895,-9.422687,-0.40978718,-2.8944473
0.592,1.6745129,19.750677,13.811266,-9.495578,-0.17932844,-2.963368
0.594,1.4005861,20.527039,13.508413,-9.561032,0.057924747,-3.031074
0.596,1.1070662,21.292757,13.143227,-9.620059,0.30072975,-3.0971146
0.598,0.7969017,22.04559,12.719922,-9.673685,0.5477824,-3.1610856
0.6,0.47638893,22.781998,12.243728,-9.722854,0.7977023,-3.2226944
0.602,0.15071297,23.499039,11.719523,-9.768442,1.0490305,-3.281758
0.604,-0.17599964,24.194147,11.151816,-9.81125,1.3001556,-3.3382092
0.606,-0.4989071,24.865374,10.544855,-9.8519945,1.5493407,-3.3920858
0.608,-0.81355286,25.511272,9.90415,-9.891233,1.794806,-3.4435258
0.61,-1.1165705,26.130924,9.23612,-9.929381,2.034714,-3.492688
0.612,-1.4046726,26.723185,8.54646,-9.966745,2.2672007,-3.5398076
0.614,-1.6746902,27.287132,7.8402314,-10.003496,2.4904542,-3.5851943
0.616,-1.9256325,27.822155,7.1231747,-10.039721,2.7027063,-3.6292527
0.618,-2.1545143,28.327301,6.4001436,-10.075442,2.9022484,-3.6724184
0.62,-2.3601217,28.802711,5.675912,-10.110634,3.087528,-3.7151725
0.622,-2.5413609,29.248219,4.9542227,-10.145204,3.2571259,-3.7580047
0.624,-2.6981955,29.66349,4.237852,-10.179045,3.4098554,-3.801396
0.626,-2.830781,30.04881,3.528933,-10.211963,3.5448399,-3.845791
0.628,-2.9404678,30.40495,2.82904,-10.2437,3.6615443,-3.8915355
0.63,-3.0290308,30.732857,2.1388311,-10.27392,3.7598157,-3.938893
0.632,-3.098402,31.033339,1.4588556,-10.302238,3.8399181,-3.9880426
0.634,-3.1511974,31.307217,0.78990316,-10.328228,3.9024653,-4.0390506
0.636,-3.190423,31.555141,0.13250065,-10.351423,3.9484339,-4.091859
0.638,-3.2195702,31.778046,-0.51323843,-10.371359,3.979146,-4.1463056
0.64,-3.24224,31.977413,-1.1479168,-10.387578,3.9961982,-4.2021484
0.642,-3.262332,32.15417,-1.7726998,-10.399687,4.00143,-4.259013
0.644,-3.28409,32.309788,-2.38873,-10.407356,3.9967291,-4.3164883
0.646,-3.3111172,32.44581,-2.9970207,-10.410318,3.9840798,-4.3741674
0.648,-3.3468866,32.56398,-3.5985775,-10.408398,3.9655142,-4.4314923
0.65,-3.394415,32.665768,-4.194141,-10.401524,3.9430451,-4.4879417
0.652,-3.4567246,32.753006,-4.7849827,-10.389694,3.9185972,-4.5430675
0.654,-3.5357575,32.827583,-5.372367,-10.373039,3.893918,-4.596442
0.656,-3.632812,32.89125,-5.957311,-10.351807,3.8705409,-4.6477103
0.658,-3.7483406,32.94562,-6.5403385,-10.326277,3.849889,-4.6966324
0.66,-3.881971,32.99224,-7.1215525,-10.296752,3.8332224,-4.7430997
0.662,-4.032389,33.03266,-7.7004623,-10.263543,3.8217018,-4.7870893
0.664,-4.197874,33.068466,-8.277155,-10.226938,3.816424,-4.828656
0.666,-4.375456,33.10077,-8.851961,-10.187129,3.8184857,-4.8678675
0.668,-4.562002,33.13057,-9.424412,-10.14421,3.8289223,-4.9048357
0.67,-4.754283,33.158657,-9.994858,-10.098112,3.8486867,-4.9397173
0.672,-4.947673,33.18466,-10.563371,-10.048672,3.8785057,-4.9727087
0.674,-5.137959,33.208374,-11.127659,-9.995618,3.9187267,-5.004033
0.676,-5.3208737,33.22979,-11.685755,-9.938587,3.9693336,-5.0339823
0.678,-5.4921446,33.248276,-12.236637,-9.877159,4.0298624,-5.062924
0.68,-5.6475286,33.262573,-12.779442,-9.810896,4.099373,-5.0912724
0.682,-5.782957,33.270966,-13.3135805,-9.739316,4.1765666,-5.1194906
0.684,-5.8947115,33.27166,-13.838418,-9.6619425,4.259897,-5.148055
0.686,-5.979789,33.26233,-14.352821,-9.578239,4.3477054,-5.1774673
0.688,-6.035961,33.24034,-14.855089,-9.487648,4.4384236,-5.2082405
0.69,-6.061988,33.203106,-15.343936,-9.3896055,4.530605,-5.240821
0.692,-6.05701,33.147842,-15.819284,-9.283529,4.622953,-5.2755904
0.694,-6.021051,33.07213,-16.281412,-9.168859,4.7143517,-5.312846
0.696,-5.954294,32.973583,-16.73012,-9.045132,4.803801,-5.352899
0.698,-5.857622,32.849876,-17.16542,-8.911964,4.8904767,-5.3959436
0.7,-5.7328863,32.698578,-17.587608,-8.769125,4.973568,-5.4420633
0.702,-5.5823054,32.517544,-17.997349,-8.616562,5.0522127,-5.4913387
0.704,-5.4087086,32.305103,-18.396133,-8.454414,5.12556,-5.543707
0.706,-5.215153,32.060047,-18.785227,-8.282961,5.1929283,-5.5990047
0.708,-5.0051904,31.781385,-19.166395,-8.102583,5.253759,-5.6570153
0.71,-4.781801,31.46811,-19.541845,-7.913721,5.3075647,-5.717429
0.712,-4.5486827,31.119831,-19.912882,-7.716853,5.353984,-5.7797832
0.714,-4.3093195,30.73636,-20.280773,-7.5124917,5.392774,-5.843539
0.716,-4.0668435,30.31803,-20.647463,-7.3012085,5.4238544,-5.9080935
0.718,-3.8245573,29.86543,-21.01431,-7.083564,5.4472857,-5.972775
0.72,-3.5852957,29.37939,-21.38321,-6.8601184,5.4632354,-6.036808
0.722,-3.3518372,28.861273,-21.75578,-6.63145,5.4719243,-6.0993376
0.724,-3.1268678,28.312033,-22.131777,-6.3981094,5.4735737,-6.1594424
0.726,-2.9115362,27.732891,-22.511597,-6.160607,5.468421,-6.216222
0.728,-2.708806,27.126186,-22.895264,-5.919444,5.456625,-6.2688274
0.73,-2.5194702,26.493267,-23.282673,-5.675102,5.438143,-6.3164225
0.732,-2.3446121,25.83611,-23.672853,-5.4280257,5.412799,-6.35825
0.734,-2.1843777,25.157114,-24.063824,-5.178625,5.3802814,-6.393686
0.736,-2.0388384,24.458174,-24.45328,-4.9273005,5.3400908,-6.4222746
0.738,-1.9073439,23.741405,-24.838902,-4.674443,5.291614,-6.443682
0.74,-1.7888288,23.00901,-25.218327,-4.420468,5.234122,-6.457717
0.742,-1.6819239,22.263708,-25.589397,-4.165849,5.1667957,-6.4643154
0.744,-1.5848408,21.507902,-25.949768,-3.9111266,5.088807,-6.4635024
0.746,-1.4954734,20.744345,-26.297066,-3.6569014,4.9993577,-6.4554133
0.748,-1.4116087,19.975622,-26.628405,-3.4038095,4.897656,-6.4402823
0.75,-1.3313537,19.204279,-26.940855,-3.15248,4.783045,-6.4183307
0.752,-1.2528443,18.433464,-27.231482,-2.9035468,4.654886,-6.389875
0.754,-1.1736217,17.665699,-27.497484,-2.65767,4.5126305,-6.35536
0.756,-1.0919638,16.903685,-27.737097,-2.4153867,4.3559966,-6.3151712
0.758,-1.0063219,16.150223,-27.948877,-2.1771657,4.1848054,-6.269629
0.76,-0.91535187,15.408237,-28.131634,-1.9434166,3.998957,-6.2189994
0.762,-0.81754684,14.68055,-28.284237,-1.714461,3.7985973,-6.163486
0.764,-0.7117772,13.969942,-28.405727,-1.490593,3.5840483,-6.103244
0.766,-0.597476,13.279217,-28.495949,-1.2720704,3.3557382,-6.038367
0.768,-0.4742279,12.611138,-28.55544,-1.0591142,3.1141906,-5.9688735
0.77,-0.34224224,11.968544,-28.585127,-0.8519056,2.8599935,-5.894775
0.772,-0.20186567,11.353952,-28.586739,-0.65059674,2.5938296,-5.8161287
0.774,-0.053511858,10.76952,-28.561222,-0.4553314,2.316486,-5.7331243
0.776,0.102253675,10.217508,-28.50997,-0.26622182,2.028895,-5.6460423
0.778,0.26504445,9.699691,-28.435228,-0.083385766,1.7320997,-5.555257
0.78,0.4347303,9.217588,-28.338823,0.09305787,1.4272308,-5.461217
0.782,0.60984015,8.773122,-28.222784,0.26300725,1.1154851,-5.364473
0.784,0.7895467,8.367239,-28.090979,0.42636558,0.79811835,-5.265685
0.786,0.972816,8.000226,-27.946386,0.58304787,0.47635964,-5.165616
0.788,1.1585398,7.672493,-27.790794,0.73296463,0.15140462,-5.065074
0.79,1.3454237,7.3843584,-27.625992,0.87603605,-0.17554343,-4.9648886
0.792,1.5321953,7.135811,-27.453272,1.0122203,-0.5033088,-4.8659244
0.794,1.717597,6.926175,-27.273867,1.1415409,-0.83072037,-4.769027
0.796,1.9005923,6.7548323,-27.089447,1.264105,-1.1565793,-4.6750197
0.798,2.0802314,6.620895,-26.901363,1.3800839,-1.4797025,-4.5846753
0.8,2.2555387,6.5230236,-26.71064,1.4896984,-1.7989475,-4.4986324
0.802,2.4253292,6.4596643,-26.517258,1.5932051,-2.1131926,-4.4173894
0.804,2.5884843,6.42881,-26.32137,1.6908715,-2.4214394,-4.3413906
0.806,2.744028,6.428732,-26.123108,1.782928,-2.7228668,-4.2709336
0.808,2.89151,6.457283,-25.922419,1.8695935,-3.0168512,-4.206194
0.81,3.0307083,6.5125127,-25.719065,1.9509939,-3.3030581,-4.147389
0.812,3.1615124,6.59221,-25.512182,2.0272067,-3.5813544,-4.0947065
0.814,3.2840858,6.6940856,-25.300888,2.0982494,-3.8517814,-4.048276
0.816,3.3989244,6.8157005,-25.084631,2.1641092,-4.1145644,-4.0081954
0.818,3.5063062,6.9548006,-24.862885,2.2247686,-4.37003,-3.9745283
0.82,3.6066122,7.109172,-24.634686,2.2802138,-4.61855,-3.9472873
0.822,3.7006817,7.2764225,-24.399437,2.330441,-4.8605146,-3.9264338
0.824,3.7892723,7.454267,-24.156553,2.375453,-5.0962706,-3.911846
0.826,3.8733368,7.640374,-23.905283,2.4152575,-5.326149,-3.9033396
0.828,3.9539518,7.832491,-23.645138,2.449915,-5.5503983,-3.9006531
0.83,4.032297,8.028418,-23.375486,2.4795232,-5.769186,-3.903499
0.832,4.1094937,8.225989,-23.095528,2.5042574,-5.982585,-3.911553
0.834,4.1868033,8.423271,-22.80542,2.5243378,-6.1905704,-3.924463
0.836,4.265408,8.618639,-22.505236,2.5400472,-6.392972,-3.941874
0.838,4.346021,8.810411,-22.194963,2.551721,-6.5894756,-3.9634151
0.84,4.4292917,8.99674,-21.874481,2.5597684,-6.7795954,-3.9887354
0.842,4.5160356,9.176191,-21.543615,2.5646534,-6.9626646,-4.017497
0.844,4.606475,9.347479,-21.20208,2.5668302,-7.1378794,-4.04937
0.846,4.700699,9.509605,-20.849709,2.5667083,-7.3043513,-4.0840397
0.848,4.798662,9.6616535,-20.486292,2.564631,-7.461171,-4.1212826
0.85,4.899953,9.803001,-20.111946,2.5608497,-7.607446,-4.1609583
0.852,5.0039845,9.933192,-19.726816,2.5554795,-7.7423344,-4.2030063
0.854,5.1097927,10.052284,-19.331478,2.5485094,-7.8651104,-4.2474666
0.856,5.216318,10.160423,-18.92659,2.5398002,-7.975174,-4.294486
0.858,5.322094,10.257749,-18.512815,2.5291023,-8.072043,-4.3442893
0.86,5.4258575,10.344377,-18.090448,2.516161,-8.155252,-4.3971744
0.862,5.5259743,10.420714,-17.659927,2.5007064,-8.224388,-4.4534817
0.864,5.620346,10.487181,-17.221985,2.4825013,-8.279001,-4.513546
0.866,5.7070065,10.544201,-16.777117,2.4613886,-8.318565,-4.5776434
0.868,5.78395,10.592424,-16.325989,2.4373486,-8.34247,-4.6460123
0.87,5.849194,10.632452,-15.869709,2.4104567,-8.350022,-4.718789
0.872,5.900633,10.664997,-15.409321,2.3808775,-8.340457,-4.7960362
0.874,5.936014,10.690693,-14.946408,2.3488142,-8.31296,-4.877734
0.876,5.953688,10.710218,-14.482277,2.3145273,-8.266748,-4.963805
0.878,5.9520926,10.72431,-14.018003,2.2782867,-8.201115,-5.0541162
0.88,5.9300685,10.733654,-13.555004,2.240353,-8.115444,-5.1484885
0.882,5.887063,10.738829,-13.094477,2.2009697,-8.009253,-5.2467127
0.884,5.822739,10.740557,-12.637829,2.1603475,-7.8821898,-5.3485975
0.886,5.7372336,10.739542,-12.186472,2.1186721,-7.7340617,-5.4539776
0.888,5.631337,10.736571,-11.7419815,2.0761147,-7.5648327,-5.562727
0.89,5.5067754,10.732595,-11.305999,2.03279,-7.3746066,-5.6747146
0.892,5.365167,10.728407,-10.880306,1.988777,-7.1636295,-5.789852
0.894,5.209823,10.725058,-10.466056,1.9440836,-6.93226,-5.9080477
0.896,5.0449433,10.723809,-10.064582,1.8986875,-6.68095,-6.0292625
0.898,4.874474,10.725895,-9.677383,1.852526,-6.4102488,-6.1534877
0.9,4.703455,10.7325,-9.305744,1.8055243,-6.120735,-6.2807074
0.902,4.5372925,10.744995,-8.951075,1.7575763,-5.813032,-6.410901
0.904,4.3813243,10.765148,-8.614527,1.7085849,-5.487803,-6.544077
0.906,4.2413626,10.794603,-8.297069,1.658472,-5.1457257,-6.6803136
0.908,4.1234536,10.835264,-7.9995184,1.6071949,-4.787464,-6.8197136
0.91,4.0335855,10.889019,-7.722083,1.5547528,-4.413677,-6.9624195
0.912,3.9773698,10.95788,-7.4649267,1.5011868,-4.025005,-7.1086254
0.914,3.9605117,11.044048,-7.2278175,1.446566,-3.6220965,-7.2586107
0.916,3.9880328,11.1493845,-7.0104904,1.3910296,-3.2055805,-7.4126763
0.918,4.0644526,11.275969,-6.8125043,1.3347373,-2.7760692,-7.5711207
0.92,4.1938953,11.425606,-6.633358,1.2778962,-2.3342,-7.7342167
0.922,4.379666,11.600294,-6.4730263,1.2207632,-1.8806248,-7.9021683
0.924,4.624571,11.801831,-6.3313236,1.1636701,-1.4160185,-8.075081
0.926,4.930748,12.031842,-6.2078075,1.1069641,-0.94115114,-8.25296
0.928,5.299474,12.292407,-6.101596,1.0510371,-0.45689654,-8.43571
0.93,5.7316794,12.585153,-6.012096,0.9962977,0.03580022,-8.623127
0.932,6.227284,12.911651,-5.9390364,0.94318366,0.5358746,-8.814906
0.934,6.785418,13.273036,-5.8817782,0.892131,1.042078,-9.01066
0.936,7.4041677,13.670568,-5.8400946,0.84357756,1.5530255,-9.209934
0.938,8.081361,14.105349,-5.8138747,0.7979513,2.067184,-9.412198
0.94,8.814166,14.578628,-5.803252,0.75569886,2.5828974,-9.616855
0.942,9.599614,15.091044,-5.8086967,0.71724546,3.0983903,-9.823221
0.944,10.43421,15.642973,-5.830864,0.6830071,3.611872,-10.03056
0.946,11.3141575,16.234625,-5.8700876,0.65336895,4.1215796,-10.23805
0.948,12.235851,16.866299,-5.926922,0.62870663,4.625895,-10.444778
0.95,13.195861,17.537989,-6.00241,0.6093314,5.123436,-10.649736
0.952,14.189777,18.249176,-6.097906,0.59549665,5.613147,-10.851805
0.954,15.212994,18.999207,-6.214262,0.5873816,6.094359,-11.049786
0.956,16.26076,19.787382,-6.3518395,0.58508587,6.566819,-11.242382
0.958,17.328157,20.612625,-6.5108232,0.5886673,7.030773,-11.428289
0.96,18.410515,21.473469,-6.6911097,0.59816337,7.486945,-11.606186
0.962,19.503113,22.367937,-6.892294,0.61357474,7.9364834,-11.774801
0.964,20.601715,23.29343,-7.113443,0.6349323,8.380881,-11.932926
0.966,21.70215,24.247269,-7.3531675,0.66230583,8.821905,-12.079367
0.968,22.800747,25.226309,-7.609794,0.69578767,9.261462,-12.212971
0.97,23.89392,26.227005,-7.8812275,0.7355137,9.701525,-12.33268
0.972,24.978409,27.245214,-8.164902,0.7816725,10.144054,-12.437546
0.974,26.051653,28.276506,-8.458046,0.83449674,10.590869,-12.526667
0.976,27.110813,29.316212,-8.757079,0.8941717,11.043592,-12.599159
0.978,28.15327,30.35907,-9.058519,0.96089387,11.503596,-12.654169
0.98,29.177359,31.399652,-9.358144,1.0348082,11.972012,-12.69089
0.982,30.182156,32.431957,-9.652161,1.1160378,12.449699,-12.708624
0.984,31.167019,33.45008,-9.936189,1.204603,12.937146,-12.706757
0.986,32.13212,34.4479,-10.206607,1.3004322,13.434514,-12.684817
0.988,33.07808,35.41927,-10.459842,1.4033289,13.941656,-12.642539
0.99,34.006268,36.35811,-10.692432,1.5129695,14.457953,-12.579849
0.992,34.918304,37.258743,-10.901662,1.628839,14.982306,-12.496931
0.994,35.81675,38.11606,-11.085407,1.7502346,15.513166,-12.394193
0.996,36.70388,38.9252,-11.242095,1.8762703,16.048496,-12.272255
0.998,37.58347,39.68255,-11.369656,2.0058444,16.585875,-12.131922
1,38.459198,40.384415,-11.468322,2.1376538,17.122528,-11.974094
1.002,39.333847,41.02874,-11.538711,2.2702346,17.65552,-11.799816
1.004,40.21165,41.613403,-11.583362,2.4019973,18.181902,-11.610111
1.006,41.096928,42.136803,-11.603968,2.5311856,18.69881,-11.406015
1.008,41.993607,42.59886,-11.602462,2.6560512,19.20359,-11.188577
1.01,42.90553,43.000187,-11.582498,2.774831,19.69395,-10.958829
1.012,43.836834,43.341835,-11.548147,2.8857913,20.167814,-10.717745
1.014,44.791748,43.62548,-11.503679,2.9872665,20.62342,-10.466341
1.016,45.774033,43.85312,-11.453354,3.0777187,21.05924,-10.205561
1.018,46.78818,44.026627,-11.401893,3.1557083,21.473995,-9.936443
1.02,47.8381,44.148575,-11.35361,3.2199833,21.866516,-9.660011
1.022,48.926674,44.221962,-11.312435,3.2694206,22.235744,-9.377232
1.024,50.057323,44.248917,-11.281675,3.3030403,22.580666,-9.089024
1.026,51.23292,44.232117,-11.26395,3.3200057,22.900398,-8.7961235
1.028,52.455883,44.17451,-11.262581,3.3194714,23.19408,-8.499098
1.03,53.729263,44.078136,-11.280745,3.3006916,23.460758,-8.198479
1.032,55.057014,43.943695,-11.319477,3.2629805,23.699766,-7.894724
1.034,56.442955,43.771454,-11.378197,3.2057593,23.910473,-7.5880814
1.036,57.889694,43.562267,-11.455593,3.1283324,24.092113,-7.2786064
1.038,59.401394,43.31527,-11.54998,3.0300741,24.244095,-6.9662113
1.04,60.98064,43.03032,-11.659668,2.9104316,24.366035,-6.650775
1.042,62.632313,42.706688,-11.781462,2.7688262,24.457644,-6.332097
1.044,64.36037,42.344543,-11.912878,2.6046586,24.518711,-6.0099344
1.046,66.17049,41.943756,-12.052654,2.4173708,24.549314,-5.6839886
1.048,68.06854,41.504807,-12.198763,2.206345,24.549887,-5.3538733
1.05,70.06223,41.027435,-12.348776,1.9709272,24.521252,-5.019065
1.052,72.15787,40.513535,-12.499773,1.7103972,24.464653,-4.678992
1.054,74.362144,39.96613,-12.649395,1.4240074,24.382019,-4.332926
1.056,76.68225,39.390038,-12.796295,1.1109262,24.275871,-3.979916
1.058,79.12436,38.792465,-12.941917,0.77034473,24.149536,-3.6189284
1.06,81.69406,38.1836,-13.088814,0.40144634,24.007042,-3.248806
1.062,84.398796,37.576126,-13.243603,0.003320694,23.852913,-2.8681707
1.064,87.238846,36.99077,-13.41431,-0.42487717,23.692081,-2.475378
1.066,90.21724,36.439976,-13.592081,-0.88389874,23.529842,-2.0687237
1.068,93.3346,35.934937,-13.769888,-1.3742247,23.371668,-1.6465073
1.07,96.59056,35.4978,-13.951782,-1.8960972,23.222855,-1.2072244
1.072,99.97746,35.16488,-14.134634,-2.449561,23.088182,-0.7494755
1.074,103.49331,34.970352,-14.329815,-3.0344691,22.971577,-0.27202082
1.076,107.136955,34.956306,-14.553305,-3.6503716,22.876053,0.2262237
1.078,110.90272,35.171314,-14.817667,-4.296586,22.803507,0.74601984
1.08,114.77415,35.655033,-15.134012,-4.9722767,22.754156,1.287966
1.082,118.74505,36.425323,-15.513971,-5.676484,22.726513,1.8525302
1.084,122.80288,37.524246,-15.961985,-6.4082866,22.717289,2.4401624
1.086,126.946335,39.03264,-16.458786,-7.1669602,22.72102,3.0513031
1.088,131.17946,40.931786,-16.982462,-7.9519696,22.730104,3.6860766
1.09,135.48424,43.26344,-17.53075,-8.762974,22.734655,4.344473
1.092,139.90033,46.081547,-18.150797,-9.600341,22.721888,5.0268006
1.094,144.3604,49.455498,-18.911964,-10.465561,22.675074,5.7333536
1.096,148.86395,53.438225,-19.762867,-11.361651,22.574266,6.464982
1.098,153.40335,58.037167,-20.689331,-12.291738,22.397896,7.223242
1.1,157.9823,63.273335,-21.692286,-13.257531,22.122955,8.009276
1.102,162.59576,69.11091,-22.679934,-14.260748,21.723948,8.824041
1.104,167.25334,75.53244,-23.609592,-15.301609,21.17516,9.670508
1.106,171.97658,82.52653,-24.467957,-16.379005,20.45094,10.553702
1.108,176.78793,90.05806,-25.221642,-17.492203,19.525984,11.478059
1.11,181.7107,98.062256,-25.803768,-18.639002,18.376732,12.447567
1.112,186.78194,106.48857,-26.19728,-19.813398,16.98349,13.469144
1.114,192.0375,115.268745,-26.374126,-21.006119,15.330393,14.554954
1.116,197.51042,124.30942,-26.283455,-22.207521,13.401653,15.720085
1.118,203.23024,133.49237,-25.851768,-23.406612,11.187372,16.987867
1.12,209.22322,142.69667,-25.015549,-24.584099,8.698827,18.368689
1.122,215.43742,151.81947,-23.71836,-25.723728,5.9452353,19.875864
1.124,221.85156,160.73167,-21.90477,-26.81501,2.9389563,21.519806
1.126,228.35599,169.2609,-19.509552,-27.853241,-0.29285026,23.308344
1.128,234.88287,177.10283,-16.51051,-28.848877,-3.721192,25.235336
1.13,241.57819,184.12785,-12.833565,-29.819258,-7.328128,27.272556
1.132,248.27246,190.36679,-8.413475,-30.769588,-11.091302,29.380316
1.134,254.89323,195.67053,-3.206459,-31.699883,-14.959259,31.499762
1.136,261.3108,199.90646,2.8387394,-32.623695,-18.866554,33.543343
1.138,267.44266,202.96771,9.715704,-33.56844,-22.772846,35.4258
1.14,273.16663,204.76852,17.407291,-34.555946,-26.631065,37.047832
1.142,278.33203,205.25787,25.889112,-35.59503,-30.407213,38.2894
1.144,282.77673,204.42087,35.116352,-36.675755,-34.075287,39.02026
1.146,286.33496,202.28722,45.018227,-37.768295,-37.616875,39.112198
1.148,288.8592,198.91534,55.49564,-38.81764,-41.019638,38.453644
1.15,290.229,194.37491,66.42467,-39.7414,-44.272205,36.958775
1.152,290.35052,188.7364,77.6586,-40.436172,-47.35691,34.575165
1.154,289.1505,182.0915,89.030914,-40.785572,-50.24225,31.288435
1.156,286.5648,174.5893,100.3703,-40.669205,-52.860756,27.128431
1.158,282.54727,166.39357,111.51177,-39.976368,-55.12338,22.219782
1.16,277.11,157.66574,122.247925,-38.61795,-56.93923,16.735664
1.162,270.29755,148.56891,132.35796,-36.550335,-58.21333,10.828253
1.164,262.18005,139.27142,141.63687,-33.77659,-58.853542,4.6854115
1.166,252.86172,129.94885,149.89468,-30.346582,-58.774757,-1.4694386
1.168,242.48465,120.76755,156.95972,-26.352156,-57.910843,-7.3988647
1.17,231.2253,111.89185,162.6857,-21.917587,-56.22181,-12.861263
1.172,219.2845,103.50282,166.96233,-17.192377,-53.701073,-17.62906
1.174,206.87184,95.7635,169.70619,-12.343647,-50.383926,-21.491154
1.176,194.19717,88.80169,170.857,-7.5324187,-46.322952,-24.293098
1.178,181.46994,82.71353,170.40218,-2.9044256,-41.599354,-25.94629
1.18,168.8899,77.56226,168.37836,1.4133997,-36.332115,-26.441244
1.182,156.64471,73.38087,164.85172,5.3193235,-30.661236,-25.843267
1.184,144.89719,70.186615,159.93912,8.729305,-24.741163,-24.28918
1.186,133.7859,67.96805,153.79005,11.575892,-18.754313,-21.989841
1.188,123.425644,66.69002,146.57399,13.829622,-12.906071,-19.201992
1.19,113.908676,66.304344,138.47821,15.511325,-7.385253,-16.194149
1.192,105.28431,66.75615,129.7013,16.677477,-2.3366807,-13.239279
1.194,97.577286,67.941925,120.44115,17.398056,2.1054444,-10.563234
1.196,90.77403,69.71431,110.8782,17.754913,5.848795,-8.325321
1.198,84.83496,72.00696,101.19455,17.83781,8.839125,-6.6221876
1.2,79.72128,74.67059,91.583496,17.740574,11.063301,-5.4932146
1.202,75.32828,77.547104,82.255356,17.550209,12.551406,-4.9366183
1.204,71.64081,80.47648,73.39174,17.33789,13.372449,-4.9199133
1.206,68.55487,83.32977,65.03116,17.156246,13.62535,-5.3821545
1.208,65.97458,86.02448,57.24463,17.037233,13.430925,-6.237857
1.21,63.796654,88.463425,50.094955,16.993248,12.912337,-7.387923
1.212,61.934086,90.60152,43.547382,17.02027,12.202331,-8.755131
1.214,60.295456,92.369255,37.61828,17.103664,11.439871,-10.230442
1.216,58.7946,93.70016,32.330975,17.233118,10.74313,-11.652792
1.218,57.361763,94.560234,27.665985,17.394615,10.200275,-12.904407
1.22,55.943512,94.94629,23.56672,17.57319,9.864331,-13.909067
1.222,54.490303,94.84357,20.016428,17.757347,9.7605095,-14.614677
1.224,52.967796,94.2625,16.972088,17.940092,9.889738,-14.99467
1.226,51.35729,93.23888,14.36408,18.118185,10.228901,-15.048541
1.228,49.65191,91.82534,12.109847,18.289558,10.73682,-14.798733
1.23,47.850067,90.07024,10.149463,18.450378,11.36079,-14.285259
1.232,46.01117,88.00525,8.436968,18.593191,12.043409,-13.559177
1.234,44.139465,85.69123,6.9307117,18.708698,12.73007,-12.675236
1.236,42.29663,83.219604,5.5863876,18.788773,13.3726015,-11.685989
1.238,40.468792,80.764336,4.401104,18.825787,13.932072,-10.635593
1.24,38.468735,78.298256,3.3210487,18.809473,14.379894,-9.5547085
1.242,36.433655,75.69654,2.313591,18.729197,14.69393,-8.46065
1.244,34.36048,73.05742,1.3693161,18.577602,14.86054,-7.364212
1.246,32.28538,70.45353,0.4704914,18.352127,14.879867,-6.274759
1.248,30.186548,67.93298,-0.35428047,18.053778,14.761674,-5.2016516
1.25,28.080233,65.53209,-1.0903263,17.685978,14.520054,-4.1546316
1.252,25.998838,63.26896,-1.7380066,17.254951,14.172774,-3.143981
1.254,23.97276,61.148453,-2.2982426,16.76913,13.740516,-2.1794772
1.256,22.02743,59.16178,-2.7676468,16.238468,13.244304,-1.2640214
1.258,20.168903,57.30693,-3.14085,15.674589,12.704019,-0.3948083
1.26,18.390823,55.598057,-3.414524,15.089809,12.139002,0.42855406
1.262,16.682701,54.064774,-3.5894413,14.496091,11.566832,1.2029123
1.264,15.043658,52.724037,-3.6692524,13.904469,11.003179,1.9241352
1.266,13.490478,51.55336,-3.6699314,13.324698,10.461885,2.5889401
1.268,12.043793,50.538025,-3.6215,12.764909,9.954712,3.1958065
1.27,10.696067,49.67941,-3.5177937,12.231482,9.49103,3.744872
1.272,9.44514,48.978672,-3.351694,11.729025,9.077719,4.2375765
1.274,8.295726,48.4308,-3.1340446,11.2603245,8.719086,4.676167
1.276,7.2471437,48.019928,-2.880577,10.82649,8.416921,5.063306
1.278,6.2906227,47.732994,-2.6062527,10.427056,8.170827,5.401764
1.28,5.4112663,47.55034,-2.3274326,10.060285,7.978567,5.6942363
1.282,4.594285,47.431114,-2.0622692,9.723362,7.8364115,5.9433317
1.284,3.8377552,47.346306,-1.8214798,9.412664,7.739543,6.151592
1.286,3.141778,47.297485,-1.6145916,9.124003,7.6824284,6.321579
1.288,2.5058565,47.290127,-1.4499416,8.852889,7.659238,6.456046
1.29,1.9294558,47.32201,-1.3305302,8.594844,7.664148,6.558003
1.292,1.4131851,47.383434,-1.2578888,8.34569,7.6916285,6.6305747
1.294,0.95215416,47.461964,-1.2339935,8.101827,7.736673,6.6770287
1.296,0.5414181,47.544285,-1.2611179,7.860296,7.79486,6.700653
1.298,0.17590809,47.61663,-1.3417854,7.618873,7.862324,6.704707
1.3,-0.15165329,47.668537,-1.4781475,7.376088,7.9358253,6.6924467
1.302,-0.4480877,47.691364,-1.66751,7.131196,8.0126915,6.6670513
1.304,-0.72060585,47.678288,-1.9047403,6.8841114,8.0906315,6.631482
1.306,-0.97484493,47.62376,-2.184639,6.635231,8.16762,6.5884624
1.308,-1.2170162,47.52262,-2.5020666,6.3854136,8.241848,6.540376
1.31,-1.4555683,47.37138,-2.8509998,6.135769,8.31158,6.4892793
1.312,-1.6991234,47.16792,-3.2251368,5.8875937,8.375043,6.4369254
1.314,-1.9559841,46.91133,-3.6183386,5.642243,8.43038,6.384848
1.316,-2.2349777,46.60241,-4.0250235,5.401024,8.475608,6.3344965
1.318,-2.5445213,46.2444,-4.43981,5.1651077,8.508436,6.287257
1.32,-2.892375,45.84207,-4.8575487,4.9354305,8.526337,6.244547
1.322,-3.2856998,45.401276,-5.274375,4.7126155,8.5264845,6.2077875
1.324,-3.731557,44.928825,-5.6876707,4.496914,8.505648,6.17844
1.326,-4.235459,44.43144,-6.0946217,4.288182,8.460418,6.1580873
1.328,-4.802089,43.91665,-6.4917493,4.0859666,8.387227,6.14846
1.33,-5.4347205,43.392353,-6.875889,3.88943,8.282289,6.1514506
1.332,-6.1343613,42.866886,-7.2434406,3.6973524,8.141618,6.169083
1.334,-6.9015174,42.349373,-7.5921483,3.5082374,7.9612527,6.203535
1.336,-7.7336674,41.846634,-7.9191303,3.3203864,7.737584,6.25701
1.338,-8.626068,41.365303,-8.222297,3.13184,7.4671335,6.33152
1.34,-9.572936,40.911106,-8.497641,2.9404578,7.1465874,6.428852
1.342,-10.56676,40.488396,-8.741576,2.7439551,6.7730017,6.5504146
1.344,-11.597559,40.09937,-8.950672,2.5399778,6.343929,6.6969614
1.346,-12.653851,39.74465,-9.121185,2.3261871,5.8573837,6.8682823
1.348,-13.722651,39.42329,-9.24942,2.1003761,5.311892,7.062902
1.35,-14.7905655,39.133137,-9.330977,1.8606789,4.706683,7.2778635
1.352,-15.842781,38.869667,-9.36067,1.6056437,4.0418005,7.508658
1.354,-16.864735,38.62706,-9.332993,1.3343973,3.3181531,7.749166
1.356,-17.84253,38.39869,-9.24235,1.0468161,2.5377274,7.991807
1.358,-18.763136,38.177135,-9.08304,0.74360085,1.7037514,8.227937
1.36,-19.614216,37.954414,-8.849169,0.42647505,0.8207708,8.448263
1.362,-20.38436,37.722397,-8.5344715,0.09799957,-0.10523404,8.643257
1.364,-21.06471,37.472862,-8.133048,-0.2385087,-1.0668308,8.803385
1.366,-21.649185,37.197712,-7.6387415,-0.5791044,-2.0551941,8.919946
1.368,-22.132938,36.889656,-7.0459414,-0.91953945,-3.0605197,8.985719
1.37,-22.513292,36.542408,-6.350301,-1.2554936,-4.0722127,8.995232
1.372,-22.7892,36.150875,-5.5494328,-1.5828509,-5.078987,8.945133
1.374,-22.962082,35.711205,-4.642412,-1.8980167,-6.069286,8.834351
1.376,-23.035963,35.220863,-3.6296911,-2.1981683,-7.0316133,8.66416
1.378,-23.016113,34.679283,-2.5132313,-2.4813113,-7.9546604,8.438051
1.38,-22.909634,34.08752,-1.2970839,-2.7463524,-8.827604,8.161362
1.382,-22.72459,33.447796,0.012548447,-2.9930692,-9.640255,7.8409057
1.384,-22.469692,32.763596,1.4074907,-3.2218328,-10.383055,7.4845324
1.386,-22.154303,32.039745,2.8775034,-3.4333653,-11.047139,7.100608
1.388,-21.7883,31.282158,4.4105434,-3.62854,-11.624525,6.697427
1.39,-21.381119,30.497534,5.992985,-3.8081234,-12.108222,6.28284
1.392,-20.94132,29.693346,7.6095953,-3.9724183,-12.491842,5.863987
1.394,-20.476456,28.877123,9.243856,-4.121158,-12.769723,5.446965
1.396,-19.993902,28.056627,10.878206,-4.2536287,-12.937377,5.036872
1.398,-19.498955,27.239485,12.494112,-4.3687105,-12.991493,4.637994
1.4,-18.995876,26.433,14.07293,-4.46494,-12.929902,4.253768
1.402,-18.48811,25.644394,15.596497,-4.5407486,-12.751986,3.8867216
1.404,-17.976833,24.879906,17.046783,-4.5947075,-12.459014,3.5384958
1.406,-17.463282,24.14569,18.406837,-4.625682,-12.054269,3.209836
1.408,-16.947727,23.447445,19.66212,-4.6330314,-11.543133,2.9006026
1.41,-16.427715,22.789326,20.800621,-4.6167917,-10.933194,2.6097727
1.412,-15.901997,22.175358,21.809961,-4.57768,-10.234176,2.3354952
1.414,-15.368623,21.608915,22.679893,-4.5171757,-9.457666,2.0752037
1.416,-14.826803,21.09339,23.403868,-4.43728,-8.616771,1.8260303
1.418,-14.274355,20.631655,23.978075,-4.340448,-7.7256517,1.5851401
1.42,-13.708272,20.225601,24.400135,-4.229509,-6.7990828,1.349569
1.422,-13.126191,19.875887,24.670092,-4.107402,-5.8517294,1.1165025
1.424,-12.526425,19.58252,24.790882,-3.9771113,-4.897858,0.8836337
1.426,-11.907112,19.344658,24.767717,-3.8415556,-3.9510276,0.6492465
1.428,-11.266603,19.160414,24.607384,-3.7034342,-3.0235367,0.41220176
1.43,-10.604181,19.027973,24.318628,-3.5651486,-2.1260805,0.17186713
1.432,-9.91955,18.945456,23.912281,-3.428838,-1.267607,-0.071947575
1.434,-9.21221,18.91099,23.400852,-3.296359,-0.45520023,-0.3190145
1.436,-8.482413,18.922764,22.797035,-3.1692708,0.30612734,-0.56886524
1.438,-7.730636,18.978516,22.113174,-3.0488818,1.0133245,-0.8209242
1.44,-6.9573646,19.075827,21.361908,-2.9362688,1.665128,-1.0744994
1.442,-6.1639423,19.21184,20.555767,-2.8322659,2.2618663,-1.3288301
1.444,-5.3505588,19.383213,19.708193,-2.7374904,2.8051739,-1.5831258
1.446,-4.5194654,19.588621,18.831486,-2.6524038,3.2976184,-1.8366089
1.448,-3.6726027,19.825832,17.938425,-2.5772886,3.7424703,-2.0885215
1.45,-2.810926,20.091946,17.039465,-2.5121708,4.143508,-2.3382633
1.452,-1.9359736,20.384686,16.144585,-2.4569535,4.5044584,-2.5854046
1.454,-1.0493784,20.701979,15.263001,-2.4115114,4.8288054,-2.8295705
1.456,-0.15319252,21.041945,14.402832,-2.3756173,5.1198897,-3.0704055
1.458,0.7508726,21.4027,13.571327,-2.3489702,5.3808193,-3.3076484
1.46,1.6615734,21.782085,12.77425,-2.3312337,5.6143994,-3.5411253
1.462,2.577125,22.1785,12.016291,-2.3220096,5.8231273,-3.770704
1.464,3.496113,22.590343,11.301397,-2.3208468,6.00926,-3.9962707
1.466,4.417448,23.015574,10.632378,-2.3272467,6.1748953,-4.2176695
1.468,5.3401384,23.451956,10.011516,-2.3406553,6.322031,-4.4347153
1.47,6.2629027,23.897623,9.43985,-2.360473,6.452567,-4.6472125
1.472,7.183989,24.3507,8.917768,-2.3860273,6.56838,-4.854925
1.474,8.103029,24.80977,8.445531,-2.4165957,6.671362,-5.05758
1.476,9.019701,25.273397,8.022614,-2.4513764,6.7633977,-5.254897
1.478,9.932432,25.74017,7.6479716,-2.489526,6.8463607,-5.4466124
1.48,10.839817,26.208632,7.320697,-2.530139,6.922125,-5.6325493
1.482,11.740282,26.677368,7.0395546,-2.5722613,6.9924955,-5.8126173
1.484,12.63274,27.14546,6.802893,-2.6149366,7.059183,-5.9867997
1.486,13.516224,27.61191,6.6087203,-2.6572134,7.123789,-6.1551795
1.488,14.389698,28.075918,6.454573,-2.69814,7.1877604,-6.317912
1.49,15.252152,28.536505,6.337723,-2.7367952,7.252353,-6.475215
1.492,16.102661,28.992746,6.2553005,-2.7723103,7.3186355,-6.627307
1.494,16.940332,29.444025,6.2042236,-2.8038635,7.3874702,-6.7744303
1.496,17.764553,29.889547,6.18159,-2.8307061,7.4594965,-6.916828
1.498,18.574734,30.328741,6.1844673,-2.8521457,7.535187,-7.0546927
1.5,19.370125,30.760832,6.2100286,-2.8675635,7.6148667,-7.1881757
1.502,20.149818,31.18506,6.2556953,-2.8764193,7.6987176,-7.317378
1.504,20.913052,31.600746,6.3189287,-2.8782766,7.786797,-7.442356
1.506,21.659252,32.007072,6.3973274,-2.8727617,7.879195,-7.56314
1.508,22.387608,32.403225,6.4886456,-2.8595946,7.975961,-7.679719
1.51,23.097797,32.788086,6.5907164,-2.8386066,8.077147,-7.7921143
1.512,23.78902,33.1606,6.7013597,-2.8097107,8.182818,-7.900355
1.514,24.460732,33.519794,6.818734,-2.7728872,8.293117,-8.00451
1.516,25.112305,33.864582,6.941058,-2.7281957,8.408255,-8.104721
1.518,25.74346,34.19387,7.06645,-2.6757488,8.528435,-8.201127
1.52,26.353626,34.506554,7.193199,-2.615684,8.653858,-8.293874
1.522,26.942629,34.80171,7.3196487,-2.5481715,8.784661,-8.383047
1.524,27.510263,35.078068,7.444477,-2.473363,8.920932,-8.468662
1.526,28.056343,35.33438,7.5663433,-2.3914318,9.062667,-8.550667
1.528,28.580399,35.569614,7.6841545,-2.3025017,9.209715,-8.628899
1.53,29.082237,35.782677,7.7972507,-2.2066483,9.361806,-8.703108
1.532,29.561834,35.972355,7.90501,-2.103922,9.518488,-8.772912
1.534,30.019278,36.13712,8.00683,-1.9943953,9.679093,-8.837766
1.536,30.45438,36.275978,8.102379,-1.8781252,9.842782,-8.896986
1.538,30.866611,36.388084,8.191706,-1.7551789,10.008563,-8.9498415
1.54,31.256138,36.472313,8.274914,-1.6255984,10.175314,-8.995581
1.542,31.622667,36.527893,8.352125,-1.4894838,10.341782,-9.033508
1.544,31.966352,36.553837,8.423555,-1.3469415,10.506664,-9.062988
1.546,32.28688,36.549328,8.489618,-1.1980944,10.668638,-9.08359
1.548,32.58366,36.513966,8.550821,-1.0430493,10.826469,-9.095105
1.55,32.85612,36.447586,8.607841,-0.881917,10.97899,-9.097597
1.552,33.10392,36.350025,8.661311,-0.71475506,11.125138,-9.091387
1.554,33.32656,36.221546,8.711802,-0.54159975,11.2639675,-9.077003
1.556,33.523476,36.062637,8.75975,-0.3624506,11.394677,-9.055134
1.558,33.69366,35.87404,8.805852,-0.17728233,11.51656,-9.026517
1.56,33.836514,35.656654,8.850787,0.013926506,11.628932,-8.99188
1.562,33.9513,35.411392,8.89481,0.21116686,11.731171,-8.951811
1.564,34.036983,35.13981,8.938205,0.41438532,11.822678,-8.906695
1.566,34.09294,34.843746,8.98119,0.6234398,11.902799,-8.85672
1.568,34.118496,34.524956,9.023895,0.83808374,11.970869,-8.801853
1.57,34.113132,34.185585,9.0661745,1.0579624,12.026184,-8.741884
1.572,34.07624,33.828007,9.107713,1.2826185,12.068071,-8.676475
1.574,34.00775,33.45453,9.148421,1.5115032,12.095842,-8.605233
1.576,33.90755,33.067917,9.187934,1.7439618,12.108838,-8.527794
1.578,33.775764,32.67111,9.225899,1.9792376,12.106429,-8.443861
1.58,33.612724,32.26702,9.26181,2.2164626,12.088031,-8.353262
1.582,33.41927,31.858654,9.295258,2.4546638,12.0531845,-8.255987
1.584,33.19617,31.448954,9.325916,2.6927643,12.001541,-8.152203
1.586,32.94465,31.040806,9.353222,2.9296317,11.932858,-8.042225
1.588,32.666145,30.637148,9.376814,3.164071,11.847057,-7.9265647
1.59,32.362316,30.240747,9.396322,3.3948405,11.744177,-7.8058414
1.592,32.034798,29.854187,9.411438,3.6206934,11.624353,-7.680709
1.594,31.685387,29.479889,9.421892,3.8403683,11.487824,-7.5518217
1.596,31.316242,29.120033,9.427607,4.052696,11.334994,-7.419842
1.598,30.929432,28.77658,9.428446,4.2566366,11.166427,-7.2854643
1.6,30.527365,28.451265,9.424398,4.451271,10.9828005,-7.149353
1.602,30.11239,28.145405,9.415409,4.6358347,10.784942,-7.012168
1.604,29.686817,27.8601,9.4015465,4.809718,10.573824,-6.874552
1.606,29.252588,27.596035,9.382658,4.9724784,10.350549,-6.7371507
1.608,28.812017,27.353565,9.358864,5.123812,10.116305,-6.6006446
1.61,28.367147,27.13282,9.33015,5.263533,9.872318,-6.465711
1.612,27.920036,26.933563,9.296586,5.3915334,9.619863,-6.332988
1.614,27.472546,26.75528,9.258318,5.5077925,9.360167,-6.203075
1.616,27.0263,26.597319,9.2154045,5.612338,9.0943575,-6.076516
1.618,26.58293,26.458591,9.16776,5.705242,8.823456,-5.9537773
1.62,26.143814,26.33783,9.1155,5.7866344,8.548394,-5.8352666
1.622,25.710335,26.233938,9.058637,5.8567057,8.270018,-5.721335
1.624,25.283688,26.145124,8.997053,5.915705,7.989056,-5.6123104
1.626,24.864933,26.069674,8.930763,5.963893,7.706135,-5.508497
1.628,24.45483,26.005915,8.859869,6.001602,7.4218535,-5.410221
1.63,24.053905,25.952034,8.784397,6.029175,7.136752,-5.3178134
1.632,23.662592,25.906294,8.704505,6.0470295,6.851318,-5.231596
1.634,23.281225,25.867086,8.620088,6.055594,6.565982,-5.1518955
1.636,22.909752,25.832888,8.531282,6.055296,6.2810836,-5.0789723
1.638,22.5485,25.801977,8.438126,6.0465393,5.9969068,-5.013029
1.64,22.197304,25.772863,8.340623,6.0297194,5.7136765,-4.9541926
1.642,21.856005,25.744316,8.23878,6.005216,5.431532,-4.9024806
1.644,21.524288,25.715166,8.132907,5.973359,5.1505594,-4.8577967
1.646,21.201908,25.684212,8.023245,5.93443,4.870783,-4.8199897
1.648,20.888643,25.65046,7.910146,5.88867,4.5921917,-4.7888355
1.65,20.5841,25.61306,7.7939005,5.83626,4.314704,-4.7640553
1.652,20.287766,25.571444,7.675137,5.7773137,4.0381927,-4.7453537
1.654,19.998959,25.525158,7.554581,5.7119403,3.7625363,-4.7324376
1.656,19.717453,25.473652,7.4328356,5.6402006,3.4875965,-4.7250586
1.658,19.443262,25.41657,7.310755,5.562196,3.2132459,-4.7230043
1.66,19.176031,25.353468,7.1891193,5.4780354,2.9393754,-4.7260838
1.662,18.91546,25.284103,7.0687327,5.3879056,2.6659145,-4.7341557
1.664,18.66104,25.208424,6.9505377,5.292023,2.392877,-4.7470603
1.666,18.41267,25.12622,6.8355227,5.1907144,2.1203322,-4.7646413
1.668,18.17024,25.037367,6.724388,5.0843353,1.8484678,-4.786722
1.67,17.93367,24.942139,6.617882,4.973322,1.5775824,-4.81308
1.672,17.702946,24.840559,6.517035,4.858127,1.3080428,-4.8434224
1.674,17.477913,24.732834,6.422689,4.7392445,1.040296,-4.87739
1.676,17.25869,24.619,6.33562,4.617176,0.7748213,-4.9145813
1.678,17.045206,24.499546,6.256487,4.492407,0.5121572,-4.954547
1.68,16.837408,24.37464,6.1861286,4.3654184,0.25285578,-4.9968204
1.682,16.635433,24.24469,6.1252317,4.23666,-0.002544403,-5.040916
1.684,16.439291,24.110111,6.074182,4.106563,-0.25351584,-5.0863695
1.686,16.24907,23.971245,6.0333395,3.9755177,-0.49956262,-5.1327257
1.688,16.065035,23.828342,6.0029597,3.8438811,-0.7402197,-5.179542
1.69,15.887061,23.68194,5.9833784,3.7119956,-0.97508657,-5.2264056
1.692,15.7153,23.532476,5.974654,3.5801792,-1.2038028,-5.272916
1.694,15.549931,23.380423,5.976685,3.4487457,-1.4260578,-5.318723
1.696,15.390804,23.226395,5.9895015,3.3179748,-1.6416038,-5.363488
1.698,15.238119,23.070908,6.012955,3.1881342,-1.8502612,-5.406924
1.7,15.091852,22.914341,6.04672,3.059481,-2.051909,-5.448754
1.702,14.952067,22.757233,6.090516,2.9322445,-2.246475,-5.4887543
1.704,14.818809,22.599945,6.1439843,2.8066192,-2.4339173,-5.5267367
1.706,14.691899,22.442919,6.2064705,2.6827943,-2.6142333,-5.5625424
1.708,14.571428,22.286465,6.2774673,2.5609238,-2.7874167,-5.5960584
1.71,14.457114,22.130693,6.356507,2.4411638,-2.9534495,-5.6272173
1.712,14.348911,21.975788,6.4427614,2.3236372,-3.112294,-5.655996
1.714,14.246554,21.82189,6.5356765,2.2084932,-3.2638927,-5.6823974
1.716,14.149869,21.66914,6.634508,2.0958624,-3.4081664,-5.706438
1.718,14.0585,21.517557,6.7385545,1.9858972,-3.545001,-5.7281656
1.72,13.972241,21.367146,6.847093,1.8787271,-3.6742582,-5.747618
1.722,13.890913,21.217934,6.959447,1.7745003,-3.7958138,-5.7648516
1.724,13.814296,21.069897,7.0747895,1.6733452,-3.9095297,-5.779936
1.726,13.742076,20.922882,7.1923866,1.5753919,-4.015274,-5.792948
1.728,13.673785,20.777035,7.311463,1.4807613,-4.1129427,-5.8039646
1.73,13.609272,20.632385,7.431245,1.3895547,-4.202446,-5.813054
1.732,13.548072,20.488686,7.5511227,1.3018566,-4.28375,-5.820287
1.734,13.489944,20.346073,7.670393,1.2177444,-4.356856,-5.8256903
1.736,13.434518,20.204561,7.788366,1.1372421,-4.4217787,-5.8292494
1.738,13.381456,20.064034,7.9046197,1.060353,-4.478583,-5.830927
1.74,13.330385,19.924791,8.018381,0.9870745,-4.5273657,-5.8306603
1.742,13.281133,19.786678,8.129202,0.9173718,-4.5682573,-5.828352
1.744,13.233057,19.649881,8.236582,0.85116315,-4.601412,-5.8238983
1.746,13.185932,19.514439,8.340118,0.78836477,-4.6270103,-5.8171916
1.748,13.13915,19.38062,8.439517,0.72886366,-4.645256,-5.8081284
1.75,13.092508,19.248665,8.534674,0.67252564,-4.6563716,-5.796654
1.752,13.045543,19.118725,8.625229,0.6191983,-4.6605864,-5.7827177
1.754,12.998027,18.991077,8.710917,0.56872046,-4.658133,-5.7663345
1.756,12.949436,18.865892,8.791553,0.52092326,-4.6492667,-5.74755
1.758,12.899492,18.743473,8.866955,0.4756259,-4.6342473,-5.726454
1.76,12.847821,18.623915,8.937094,0.43265212,-4.6133327,-5.703158
1.762,12.794209,18.507332,9.001736,0.39182752,-4.586799,-5.6777964
1.764,12.738398,18.39388,9.060776,0.35297087,-4.5549283,-5.6504993
1.766,12.680025,18.283695,9.114222,0.3158931,-4.5180035,-5.6214113
1.768,12.618841,18.176773,9.162103,0.2803995,-4.4763207,-5.5906587
1.77,12.554601,18.073198,9.204395,0.24630612,-4.430178,-5.558381
1.772,12.487259,17.972933,9.241241,0.2134484,-4.379882,-5.5247145
1.774,12.416696,17.87592,9.272806,0.18169212,-4.325758,-5.4898067
1.776,12.342855,17.782162,9.299148,0.15091223,-4.2681255,-5.453795
1.778,12.265811,17.691584,9.320637,0.121029556,-4.207299,-5.416814
1.78,12.18534,17.604115,9.337484,0.091982365,-4.1436043,-5.3790045
1.782,12.101653,17.519745,9.349923,0.06373656,-4.077323,-5.340499
1.784,12.014897,17.438232,9.358203,0.03627956,-4.0087285,-5.3014274
1.786,11.925024,17.359486,9.362715,0.00961107,-3.9380536,-5.2618966
1.788,11.832291,17.283325,9.363741,-0.016262174,-3.8655097,-5.221995
1.79,11.73701,17.209558,9.361662,-0.04134357,-3.7912729,-5.1817646
1.792,11.639181,17.13808,9.356789,-0.06564623,-3.715463,-5.141204
1.794,11.539129,17.068703,9.349469,-0.08923322,-3.6381683,-5.100279
1.796,11.437216,17.001272,9.340151,-0.11217755,-3.5594378,-5.0589447
1.798,11.333647,16.935577,9.329126,-0.13457203,-3.4793074,-5.017122
1.8,11.228906,16.871382,9.316702,-0.15654579,-3.3977869,-4.974749
1.802,11.123083,16.808477,9.303163,-0.17822409,-3.3149073,-4.9317503
1.804,11.016574,16.746462,9.288873,-0.19972643,-3.2307138,-4.888117
1.806,10.90992,16.684994,9.274038,-0.22115523,-3.1452796,-4.8438907
1.808,10.803185,16.623602,9.258874,-0.24259973,-3.0587227,-4.7991505
1.81,10.696769,16.561913,9.243627,-0.26411548,-2.9712,-4.7540493
1.812,10.59093,16.499538,9.228472,-0.2857392,-2.8828983,-4.7087803
1.814,10.485955,16.435831,9.213615,-0.30749795,-2.7940361,-4.6635804
1.816,10.382145,16.370298,9.1993,-0.32938188,-2.7048366,-4.618701
1.818,10.279792,16.302233,9.18578,-0.35138094,-2.6155145,-4.5744004
1.82,10.179172,16.231167,9.173031,-0.3734569,-2.5262878,-4.5309124
1.822,10.080417,16.156527,9.161451,-0.3955611,-2.4373157,-4.4884496
1.824,9.983857,16.077612,9.150973,-0.4176461,-2.3487165,-4.447196
1.826,9.889447,15.994005,9.141788,-0.43965158,-2.2605813,-4.4072995
1.828,9.797669,15.904785,9.13413,-0.46148342,-2.1729379,-4.3688684
1.83,9.708336,15.809774,9.127865,-0.48301142,-2.0857732,-4.332013
1.832,9.621615,15.708649,9.123209,-0.5040864,-1.9990464,-4.2968006
1.834,9.537511,15.601026,9.120288,-0.52452636,-1.9126806,-4.2632647
1.836,9.456239,15.486722,9.1192255,-0.54413116,-1.8265815,-4.2314014
1.838,9.377932,15.365425,9.120091,-0.56271034,-1.74062,-4.201172
1.84,9.30263,15.2372,9.122763,-0.5800954,-1.6546539,-4.1724973
1.842,9.230618,15.102154,9.127212,-0.59614223,-1.5685287,-4.145264
1.844,9.161821,14.960453,9.133324,-0.61074823,-1.4820948,-4.1193275
1.846,9.096216,14.812388,9.141111,-0.6238489,-1.3952035,-4.0945125
1.848,9.033944,14.658303,9.150255,-0.63540405,-1.3077086,-4.070654
1.85,8.975048,14.498443,9.160798,-0.6454023,-1.2194883,-4.0475903
1.852,8.919397,14.333493,9.172539,-0.6538615,-1.1304302,-4.0251956
1.854,8.867139,14.163863,9.185332,-0.6608046,-1.0404695,-4.003366
1.856,8.818299,13.99004,9.198964,-0.6662646,-0.94955766,-3.9820783
1.858,8.77287,13.812566,9.213137,-0.6702989,-0.85767674,-3.9612918
1.86,8.730652,13.631833,9.227577,-0.67295676,-0.7649069,-3.9409447
1.862,8.691583,13.448542,9.242287,-0.6742605,-0.6713308,-3.9210668
1.864,8.655473,13.26293,9.257133,-0.6742289,-0.57704467,-3.9017107
1.866,8.62231,13.075647,9.272035,-0.67288566,-0.48219472,-3.8829234
1.868,8.591838,12.887034,9.286923,-0.6702366,-0.38693196,-3.8647192
1.87,8.56377,12.697588,9.301777,-0.66626155,-0.2914164,-3.8471165
1.872,8.537926,12.50757,9.316579,-0.6609155,-0.19578695,-3.8301134
1.874,8.514156,12.317194,9.331367,-0.65414065,-0.10017127,-3.8137093
1.876,8.492104,12.126765,9.346065,-0.64586616,-0.004679024,-3.7978752
1.878,8.471455,11.936447,9.360749,-0.6360034,0.09059787,-3.782556
1.88,8.452088,11.746361,9.375526,-0.624481,0.18561834,-3.7677083
1.882,8.433567,11.556568,9.390474,-0.61124337,0.28033537,-3.7532907
1.884,8.415491,11.367152,9.405673,-0.596246,0.37470245,-3.739236
1.886,8.39763,11.178244,9.421253,-0.5794573,0.46867234,-3.7255113
1.888,8.379668,10.989732,9.437288,-0.56087077,0.56219184,-3.7120833
1.89,8.36128,10.801617,9.453856,-0.5404966,0.6551814,-3.6989357
1.892,8.342109,10.613977,9.471114,-0.5183498,0.74751693,-3.686049
1.894,8.321768,10.426931,9.489152,-0.49447036,0.83905464,-3.6734014
1.896,8.300108,10.240463,9.50791,-0.4689126,0.9296186,-3.66096
1.898,8.2767105,10.054652,9.52758,-0.44173497,1.0190294,-3.648675
1.9,8.251135,9.869761,9.548034,-0.41302502,1.1070952,-3.6364748
1.902,8.22333,9.685842,9.569321,-0.382882,1.1936173,-3.6242502
1.904,8.192778,9.503115,9.591356,-0.35144413,1.2784264,-3.6118712
1.906,8.159219,9.321742,9.613963,-0.31884336,1.3613899,-3.599163
1.908,8.122319,9.142006,9.636959,-0.28523755,1.4424403,-3.585932
1.91,8.081884,8.964182,9.660205,-0.25078583,1.5215507,-3.5719342
1.912,8.03783,8.788456,9.683366,-0.21562159,1.5987177,-3.5569718
1.914,7.9899044,8.615337,9.706131,-0.17989373,1.6740153,-3.5408573
1.916,7.937874,8.444927,9.728082,-0.14375484,1.7475053,-3.523336
1.918,7.8817816,8.277748,9.748836,-0.1073401,1.8192439,-3.5041807
1.92,7.821597,8.114082,9.767948,-0.07077396,1.8893198,-3.4832401
1.922,7.7574167,7.9542074,9.784868,-0.034198523,1.9577839,-3.4603987
1.924,7.689257,7.7985735,9.799143,0.0022227764,2.024647,-3.4355798
1.926,7.617259,7.6473646,9.810265,0.038312554,2.089869,-3.4087493
1.928,7.5416164,7.500894,9.817767,0.0738672,2.153373,-3.379889
1.93,7.4625607,7.3593583,9.821376,0.10867381,2.2150111,-3.3490298
1.932,7.380499,7.222929,9.820677,0.14249206,2.2746034,-3.3162599
1.934,7.295592,7.0918484,9.81544,0.17507398,2.3319077,-3.2816923
1.936,7.208435,6.96604,9.805437,0.20616412,2.3866687,-3.2454739
1.938,7.119112,6.845873,9.790412,0.23550355,2.4386272,-3.207798
1.94,7.0283194,6.731019,9.770432,0.2628454,2.4874983,-3.168867
1.942,6.936318,6.6213694,9.745445,0.28795195,2.5330126,-3.1288872
1.944,6.843512,6.5168734,9.715558,0.3106041,2.5749435,-3.0880637
1.946,6.750139,6.417402,9.680983,0.33060324,2.6130962,-3.0465922
1.948,6.6566477,6.3227763,9.642036,0.3477856,2.647306,-3.004652
1.95,6.5631585,6.2327223,9.5992985,0.36201823,2.6774714,-2.9624016
1.952,6.4701552,6.146919,9.553028,0.37318325,2.7035463,-2.9199772
1.954,6.377844,6.0652184,9.503933,0.38120556,2.7255404,-2.8774905
1.956,6.286559,5.9871445,9.452274,0.3860308,2.7435396,-2.8350487
1.958,6.1963925,5.9124417,9.398752,0.38764358,2.7576854,-2.7927017
1.96,6.107695,5.840686,9.343918,0.38604128,2.7681587,-2.7505136
1.962,6.020629,5.771556,9.288164,0.3812437,2.7751627,-2.7085266
1.964,5.935268,5.7045994,9.232088,0.3732947,2.778947,-2.6667619
1.966,5.8517723,5.6395802,9.176177,0.36224198,2.7797918,-2.6252108
1.968,5.77027,5.576062,9.120731,0.34814727,2.777981,-2.58386
1.97,5.690897,5.513625,9.066246,0.33109844,2.7737765,-2.5426872
1.972,5.613672,5.4518356,9.013016,0.3111894,2.7674458,-2.5016403
1.974,5.538765,5.3905754,8.961351,0.28852367,2.7592268,-2.460651
1.976,5.4662905,5.329343,8.911389,0.26320457,2.7493448,-2.41965
1.978,5.396353,5.26787,8.863379,0.23533785,2.7380192,-2.3785715
1.98,5.328905,5.205823,8.817419,0.20501399,2.7254198,-2.337354
1.982,5.2641373,5.143027,8.773655,0.17233205,2.711687,-2.2959714
1.984,5.2020526,5.079348,8.732115,0.13735688,2.696946,-2.2543948
1.986,5.142735,5.0145392,8.692986,0.10015297,2.6812716,-2.2126286
1.988,5.0862007,4.9484053,8.6562805,0.060759902,2.6647055,-2.1706839
1.99,5.0325246,4.8808722,8.622074,0.01920116,2.6472595,-2.1285987
1.992,4.9816523,4.8119297,8.590291,-0.02452159,2.6288993,-2.086412
1.994,4.933789,4.7414002,8.561022,-0.07041681,2.6095746,-2.0441701
1.996,4.888941,4.669173,8.534272,-0.11851168,2.5892043,-2.0019195
1.998,4.8469315,4.5955095,8.509983,-0.16883218,2.5677023,-1.9597046
2,4.8077965,4.5203786,8.488186,-0.22142673,2.544968,-1.9175407
2.002,4.771454,4.443882,8.468867,-0.27634048,2.5209067,-1.8754377
2.004,4.7379403,4.3662577,8.452004,-0.33363128,2.4954314,-1.8333945
2.006,4.7069874,4.2876377,8.43771,-0.3933587,2.4684463,-1.7913935
2.008,4.6786456,4.2083397,8.425773,-0.4555744,2.439884,-1.7494159
2.01,4.652813,4.1285343,8.41622,-0.5203242,2.4096916,-1.7074301
2.012,4.629341,4.0485983,8.409034,-0.5876573,2.3778138,-1.6654198
2.014,4.6080246,3.968812,8.4041,-0.6576195,2.3442156,-1.6233406
2.016,4.5887356,3.8895226,8.401382,-0.7302369,2.308894,-1.5811481
2.018,4.57121,3.8110814,8.400856,-0.8055393,2.2718256,-1.5387869
2.02,4.555374,3.7338138,8.402411,-0.8835472,2.2330096,-1.4961905
2.022,4.5408106,3.6582851,8.40601,-0.9642677,2.192444,-1.4532986
2.024,4.5273285,3.5847483,8.411592,-1.0477154,2.1501422,-1.4100287
2.026,4.514724,3.5137582,8.419147,-1.1338801,2.1061122,-1.3662956
2.028,4.502768,3.4456663,8.428471,-1.2227437,2.060382,-1.3220271
2.03,4.4911833,3.3808203,8.439657,-1.314277,2.0129752,-1.2771513
2.032,4.4797044,3.3197122,8.452522,-1.4084412,1.9639267,-1.2315805
2.034,4.468155,3.2627206,8.466903,-1.5051887,1.9132848,-1.1852462
2.036,4.4563465,3.2102854,8.482733,-1.6044669,1.8611093,-1.1380771
2.038,4.4440145,3.1627412,8.499793,-1.7062194,1.8074627,-1.0900333
2.04,4.4310265,3.1204982,8.517898,-1.8104017,1.7524228,-1.0410546
2.042,4.4172397,3.083889,8.53693,-1.9169767,1.6960801,-0.9911083
2.044,4.402647,3.053265,8.556746,-2.0259209,1.6385119,-0.9401487
2.046,4.3871717,3.028942,8.57709,-2.137232,1.5798264,-0.8881299
2.048,4.370874,3.0112476,8.597803,-2.2509212,1.5201648,-0.8350039
2.05,4.3536158,3.000482,8.61874,-2.3669994,1.4596454,-0.7807399
2.052,4.335554,2.997037,8.639648,-2.4854991,1.3984183,-0.72531784
2.054,4.316828,3.0011082,8.660411,-2.606452,1.3366656,-0.66873765
2.056,4.297373,3.0130482,8.680759,-2.7298775,1.274555,-0.61101854
2.058,4.277316,3.033136,8.700503,-2.855782,1.2122335,-0.5521937
2.06,4.256892,3.0615926,8.719429,-2.98416,1.149858,-0.49231243
2.062,4.2360806,3.0986123,8.737423,-3.1150002,1.0875361,-0.4314189
2.064,4.215021,3.1443958,8.754248,-3.248282,1.0253407,-0.3695463
2.066,4.1938543,3.1992342,8.769843,-3.3839598,0.9632969,-0.3067155
2.068,4.172798,3.2631903,8.78405,-3.5219693,0.90138423,-0.24292314
2.07,4.1517563,3.3365688,8.7968235,-3.6622472,0.8395312,-0.17812872
2.072,4.1309314,3.4193177,8.808119,-3.8047118,0.7776524,-0.11229277
2.074,4.1105976,3.5115292,8.818001,-3.9492812,0.71563995,-0.04536462
2.076,4.0905604,3.6131454,8.8264475,-4.095862,0.65338504,0.022718072
2.078,4.070598,3.7241411,8.8336315,-4.24436,0.5907765,0.09200621
2.08,4.050941,3.844673,8.83958,-4.394643,0.5277385,0.16250837
2.082,4.031594,3.9745693,8.84438,-4.5465794,0.46422964,0.23421931
2.084,4.012389,4.1137342,8.848144,-4.7000084,0.40026146,0.30707574
2.086,3.9932656,4.2620745,8.8509865,-4.854759,0.33587313,0.38097012
2.088,3.9740982,4.4195952,8.852907,-5.0106525,0.2711873,0.45578456
2.09,3.9549913,4.586114,8.854135,-5.1675153,0.20637721,0.531343
2.092,3.9356813,4.7615204,8.854552,-5.325163,0.14166224,0.60747886
2.094,3.9160812,4.945591,8.853873,-5.483439,0.07730174,0.68402886
2.096,3.89596,5.1380773,8.85173,-5.6422143,0.013587952,0.76082563
2.098,3.8744304,5.339165,8.847208,-5.801396,-0.04916501,0.8377211
2.1,3.8517318,5.548477,8.840689,-5.960908,-0.110642076,0.9146013
2.102,3.8284283,5.7663126,8.833302,-6.120699,-0.17055452,0.9913833
2.104,3.8036969,5.99354,8.824401,-6.2807302,-0.22860217,1.0680361
2.106,3.7773857,6.230116,8.813805,-6.440927,-0.2845341,1.1445694
2.108,3.7500696,6.4755735,8.80151,-6.601204,-0.33815408,1.22101
2.11,3.7218807,6.73006,8.787401,-6.7614536,-0.38931286,1.2974262
2.112,3.692565,6.993678,8.770886,-6.9214945,-0.43786418,1.3739083
2.114,3.6621203,7.2665634,8.751921,-7.0811033,-0.4837067,1.4505551
2.116,3.6304433,7.5491805,8.730241,-7.2399898,-0.52674913,1.5274324
2.118,3.5975833,7.841588,8.705748,-7.3978157,-0.5669215,1.6045742
2.12,3.5635839,8.144204,8.678075,-7.554264,-0.60416675,1.6819942
2.122,3.5286684,8.457105,8.646889,-7.7090254,-0.6384325,1.7596216
2.124,3.493067,8.780516,8.611964,-7.8618283,-0.6697247,1.8373327
2.126,3.4570298,9.114548,8.572947,-8.012499,-0.6981261,1.9149864
2.128,3.4211211,9.459134,8.529476,-8.160934,-0.72387433,1.9923892
2.13,3.385598,9.814363,8.481284,-8.307228,-0.7474315,2.069351
2.132,3.3513312,10.179922,8.42815,-8.451605,-0.76926994,2.1457074
2.134,3.319067,10.555674,8.369914,-8.594322,-0.7899277,2.221174
2.136,3.2897823,10.941075,8.306544,-8.735798,-0.8102803,2.2954128
2.138,3.2644432,11.335576,8.237921,-8.8765135,-0.8313184,2.3681707
2.14,3.2439678,11.738329,8.1640005,-9.016884,-0.854059,2.4393082
2.142,3.229433,12.148331,8.084933,-9.157313,-0.8796258,2.5087497
2.144,3.2217715,12.564675,8.000891,-9.298081,-0.9090586,2.5764713
2.146,3.2218838,12.986489,7.912241,-9.439358,-0.9431894,2.642458
2.148,3.2306767,13.4127035,7.819315,-9.581162,-0.98255587,2.7066932
2.15,3.2490683,13.842234,7.722674,-9.723356,-1.0273395,2.7691445
2.152,3.2777212,14.274096,7.622699,-9.86561,-1.0773449,2.8297381
2.154,3.317081,14.707175,7.519869,-10.007442,-1.1320133,2.8884275
2.156,3.3672009,15.140587,7.4146442,-10.148218,-1.1904767,2.9451747
2.158,3.4279451,15.573527,7.3072815,-10.287216,-1.2516875,3.0000854
2.16,3.4989614,16.00525,7.1980124,-10.42364,-1.3144886,3.0534053
2.162,3.5794258,16.43521,7.086898,-10.55669,-1.3777475,3.1056027
2.164,3.6682854,16.862995,6.973842,-10.68564,-1.4404478,3.1573925
2.166,3.7642932,17.2883,6.8587675,-10.80985,-1.5017939,3.2096426
2.168,3.8660421,17.71101,6.7413473,-10.928841,-1.5612035,3.263393
2.17,3.9717236,18.13109,6.6210785,-11.042315,-1.6183314,3.319744
2.172,4.079565,18.548435,6.4976273,-11.150175,-1.673069,3.379759
2.174,4.1879916,18.962934,6.370525,-11.252466,-1.7255192,3.4443762
2.176,4.2953024,19.37451,6.239446,-11.349395,-1.7759829,3.5142994
2.178,4.399781,19.782822,6.103951,-11.441244,-1.8249211,3.589909
2.18,4.500273,20.187365,5.9638634,-11.528339,-1.8729615,3.6712837
2.182,4.595361,20.587461,5.819415,-11.611027,-1.9208488,3.7581692
2.184,4.6841407,20.982246,5.6708055,-11.689536,-1.96945,3.8500235
2.186,4.766076,21.370596,5.5187845,-11.764107,-2.0199137,3.9461155
2.188,4.841049,21.75114,5.364434,-11.834913,-2.0734406,4.0456543
2.19,4.908636,22.122253,5.2090816,-11.901957,-2.1310353,4.1477246
2.192,4.9692364,22.48225,5.0543833,-11.965164,-2.1936727,4.251205
2.194,5.0233335,22.829086,4.9023633,-12.024395,-2.262217,4.354904
2.196,5.071721,23.160765,4.7552724,-12.079398,-2.3371892,4.457681
2.198,5.115196,23.475159,4.615375,-12.129774,-2.4188294,4.5584903
2.2,5.154722,23.770226,4.485108,-12.175023,-2.5070486,4.6563745
2.202,5.1913815,24.043901,4.367134,-12.214491,-2.601365,4.75051
2.204,5.2263403,24.29443,4.2639217,-12.247381,-2.7008753,4.8402324
2.206,5.260807,24.520391,4.1776795,-12.272818,-2.8043256,4.925034
2.208,5.2959356,24.720266,4.110618,-12.289814,-2.9101195,5.0045958
2.21,5.3316736,24.8933,4.0631742,-12.297305,-3.0163784,5.078782
2.212,5.367914,25.038795,4.0353966,-12.294209,-3.1210184,5.1476507
2.214,5.405472,25.156027,4.028561,-12.279405,-3.2218347,5.2113886
2.216,5.444563,25.245895,4.0424237,-12.251843,-3.3165202,5.270306
2.218,5.484645,25.309404,4.076096,-12.210506,-3.4027572,5.3247557
2.22,5.5254335,25.34753,4.128486,-12.15449,-3.478271,5.375104
2.222,5.5669403,25.361343,4.1977773,-12.082969,-3.540841,5.4216547
2.224,5.6086245,25.35228,4.281422,-11.995249,-3.588388,5.4646254
2.226,5.6498127,25.322124,4.3764844,-11.890715,-3.6190028,5.504102
2.228,5.6895866,25.272812,4.4795604,-11.768913,-3.6310053,5.5401096
2.23,5.727001,25.206366,4.5873127,-11.629551,-3.623044,5.5725894
2.232,5.760749,25.125175,4.6959543,-11.472507,-3.5940504,5.601488
2.234,5.7899284,25.03153,4.801561,-11.297842,-3.5433345,5.6266794
2.236,5.813076,24.92784,4.9005,-11.105833,-3.4706163,5.6480627
2.238,5.828908,24.816513,4.989206,-10.896973,-3.3760748,5.6655498
2.24,5.836343,24.699371,5.064103,-10.67199,-3.2603464,5.6790867
2.242,5.834052,24.578533,5.122367,-10.4318695,-3.1245718,5.6887054
2.244,5.820656,24.455399,5.1613383,-10.177787,-2.9703007,5.6944866
2.246,5.795089,24.331535,5.178856,-9.911107,-2.7995672,5.696586
2.248,5.7561383,24.208164,5.1735497,-9.633341,-2.6148021,5.6952076
2.25,5.7029414,24.086533,5.144941,-9.346113,-2.418798,5.690597
2.252,5.6345654,23.967316,5.092661,-9.051169,-2.2146044,5.68305
2.254,5.5502896,23.850979,5.01715,-8.750234,-2.005432,5.67286
2.256,5.449604,23.73771,4.919389,-8.445058,-1.7945638,5.660288
2.258,5.3320646,23.627495,4.8009796,-8.137314,-1.5852089,5.645538
2.26,5.197476,23.52,4.6637907,-7.8285537,-1.3804071,5.628702
2.262,5.0455794,23.414982,4.5101843,-7.5201864,-1.1829116,5.6097965
2.264,4.8767247,23.312124,4.3428464,-7.2134,-0.9951074,5.588735
2.266,4.691332,23.21091,4.1648407,-6.9091167,-0.8189502,5.565398
2.268,4.4900312,23.110806,3.9792476,-6.6080294,-0.6559205,5.5396814
2.27,4.2733555,23.011585,3.788939,-6.3105893,-0.5070596,5.511567
2.272,4.0417466,22.913227,3.5969296,-6.017055,-0.37299466,5.481242
2.274,3.7957716,22.81599,3.405818,-5.72755,-0.25395703,5.449042
2.276,3.536222,22.720118,3.2180047,-5.4421372,-0.14990902,5.4155746
2.278,3.2634025,22.626324,3.0355573,-5.160873,-0.060564995,5.3816843
2.28,2.9782581,22.53556,2.860217,-4.883849,0.014556885,5.348357
2.282,2.681354,22.44926,2.692975,-4.611244,0.07603812,5.3166685
2.284,2.373261,22.368874,2.5346918,-4.3433785,0.12448287,5.2877254
2.286,2.0543091,22.296244,2.3855896,-4.0806837,0.16048717,5.262554
2.288,1.7249193,22.233337,2.2456274,-3.8236759,0.18465662,5.2420645
2.29,1.3851559,22.182331,2.114235,-3.57295,0.19755363,5.2269773
2.292,1.0351932,22.145414,1.9904432,-3.3291368,0.19965291,5.217803
2.294,0.67469764,22.12474,1.8730993,-3.0928824,0.19137573,5.214831
2.296,0.30356264,22.12248,1.7608671,-2.8648007,0.17306232,5.2181187
2.298,-0.078677654,22.14039,1.652173,-2.6454635,0.14493752,5.227582
2.3,-0.47217345,22.179998,1.5454464,-2.4354084,0.107182264,5.242903
2.302,-0.8775058,22.24233,1.4393139,-2.2351012,0.059886932,5.2635374
2.304,-1.2949698,22.328163,1.3325052,-2.0449,0.0030796528,5.2887497
2.306,-1.7249253,22.437654,1.2240562,-1.86507,-0.06324506,5.3176126
2.308,-2.1675858,22.570599,1.1133175,-1.6957681,-0.13912368,5.3490767
2.31,-2.6231716,22.726278,0.9997177,-1.5370293,-0.22460341,5.381977
2.312,-3.0918121,22.90333,0.8830786,-1.3887913,-0.31973743,5.4150953
2.314,-3.573486,23.100039,0.76383686,-1.2508821,-0.42455912,5.447215
2.316,-4.0677767,23.31392,0.64274216,-1.1230218,-0.5391066,5.477168
2.318,-4.573979,23.542128,0.52089596,-1.0048584,-0.6633582,5.5039024
2.32,-5.0911045,23.781431,0.39993382,-0.8959785,-0.7972095,5.5264697
2.322,-5.6179857,24.028038,0.28154087,-0.7958878,-0.9404223,5.5440626
2.324,-6.153262,24.27805,0.16779995,-0.7040563,-1.0925484,5.555964
2.326,-6.695718,24.52754,0.06140709,-0.61991507,-1.2528396,5.561523
2.328,-7.2435017,24.772594,-0.03508377,-0.5428251,-1.4202068,5.560151
2.33,-7.794794,25.00917,-0.11912155,-0.4720906,-1.5931463,5.5513
2.332,-8.347541,25.233418,-0.18776226,-0.40694487,-1.7697594,5.5344725
2.334,-8.899405,25.441662,-0.2382822,-0.34655875,-1.947801,5.509287
2.336,-9.447952,25.630085,-0.26826954,-0.29000452,-2.1247044,5.4754667
2.338,-9.991068,25.795753,-0.2752943,-0.23628661,-2.2976694,5.4328885
2.34,-10.526305,25.935926,-0.25718975,-0.18441829,-2.4638724,5.3815928
2.342,-11.05144,26.048237,-0.21203136,-0.13341942,-2.6206007,5.3218193
2.344,-11.564354,26.130753,-0.13819218,-0.08238356,-2.7653542,5.253992
2.346,-12.062551,26.18179,-0.034394264,-0.030506104,-2.8959181,5.1786995
2.348,-12.544397,26.200386,0.10015392,0.022893459,-3.0104961,5.096696
2.35,-13.00824,26.186272,0.26605892,0.07829387,-3.1076996,5.0088882
2.352,-13.452578,26.139402,0.4632969,0.1360165,-3.1865215,4.9162216
2.354,-13.875726,26.060194,0.69154453,0.19620451,-3.2462919,4.819717
2.356,-14.277066,25.94936,0.9501152,0.2588459,-3.286637,4.7203703
2.358,-14.6556425,25.808006,1.237978,0.32380205,-3.3074424,4.6191015
2.36,-15.010651,25.637363,1.5531626,0.3908508,-3.3087711,4.516711
2.362,-15.341749,25.438934,1.8940802,0.4597157,-3.2908354,4.4138594
2.364,-15.648869,25.21446,2.2583714,0.53010005,-3.253942,4.3110466
2.366,-15.932007,24.965559,2.6435251,0.60170925,-3.1984918,4.2086344
2.368,-16.191347,24.694145,3.0464668,0.67425835,-3.124962,4.106843
2.37,-16.427639,24.40237,3.464117,0.7474543,-3.0338898,4.0057435
2.372,-16.64113,24.092087,3.893302,0.8209946,-2.9259179,3.9053373
2.374,-16.832762,23.765131,4.3303947,0.89455485,-2.8017828,3.8056169
2.376,-17.003283,23.423721,4.771697,0.9677552,-2.662357,3.7065663
2.378,-17.15368,23.069645,5.213365,1.0401863,-2.5086422,3.6082177
2.38,-17.284615,22.704588,5.6516867,1.1113725,-2.3418021,3.510664
2.382,-17.397041,22.330164,6.0828657,1.1807666,-2.163173,3.4140227
2.384,-17.491987,21.948038,6.503351,1.2477846,-1.9742401,3.318419
2.386,-17.570623,21.559937,6.9094477,1.3118248,-1.776617,3.2239804
2.388,-17.63398,21.16741,7.297825,1.3723072,-1.5720176,3.1308012
2.39,-17.683624,20.772068,7.665317,1.4286947,-1.3621792,3.0389225
2.392,-17.7208,20.375465,8.009111,1.4805319,-1.1488624,2.9482777
2.394,-17.746796,19.979269,8.326526,1.527497,-0.9337468,2.858756
2.396,-17.762638,19.584934,8.615322,1.5693911,-0.7183709,2.7701743
2.398,-17.769419,19.19411,8.8736,1.6061546,-0.5041319,2.682334
2.4,-17.768171,18.80819,9.09985,1.6378609,-0.29225564,2.595024
2.402,-17.759579,18.428612,9.292881,1.6647079,-0.08374429,2.5080307
2.404,-17.744389,18.056717,9.45183,1.6869903,0.12061024,2.4211578
2.406,-17.723118,17.693647,9.576082,1.7050678,0.3202418,2.3342586
2.408,-17.696299,17.340605,9.6655445,1.7193725,0.51478755,2.247248
2.41,-17.664583,16.998882,9.720235,1.7303394,0.7040861,2.1601198
2.412,-17.628181,16.669657,9.740456,1.7384009,0.8881422,2.072941
2.414,-17.587269,16.353874,9.726577,1.7439961,1.0670906,1.9858091
2.416,-17.542059,16.05238,9.679249,1.7475356,1.2411481,1.8988615
2.418,-17.492384,15.765895,9.599227,1.7494018,1.4105687,1.8122941
2.42,-17.438112,15.494894,9.487616,1.7499677,1.5756217,1.7263339
2.422,-17.379051,15.23991,9.345511,1.7495695,1.7365224,1.6411953
2.424,-17.315025,15.00116,9.174055,1.7484968,1.8934047,1.5570846
2.426,-17.245777,14.7788515,8.974486,1.7470007,2.0462685,1.4741945
2.428,-17.171106,14.573122,8.7481785,1.7452582,2.1949983,1.3926451
2.43,-17.090652,14.383846,8.496448,1.7434016,2.339357,1.3125005
2.432,-17.004276,14.210962,8.220836,1.741484,2.478951,1.2337371
2.434,-16.911633,14.054209,7.9229293,1.7394911,2.613288,1.1562569
2.436,-16.812584,13.912975,7.604502,1.7373512,2.7418125,1.0799049
2.438,-16.706915,13.786797,7.267276,1.7349352,2.863919,1.0044582
2.44,-16.594324,13.674969,6.913183,1.7320707,2.9789815,0.9296318
2.442,-16.474861,13.576586,6.5441284,1.728565,3.0863883,0.8551172
2.444,-16.348467,13.490766,6.1619816,1.7242312,3.1855588,0.780596
2.446,-16.215126,13.416647,5.769006,1.718898,3.2759957,0.70577717
2.448,-16.074762,13.352925,5.367209,1.712399,3.3572733,0.6303699
2.45,-15.92772,13.298412,4.958559,1.704596,3.429038,0.5541196
2.452,-15.774091,13.251974,4.545111,1.6953936,3.4910345,0.4768139
2.454,-15.614323,13.212488,4.1289396,1.6847198,3.543119,0.39829087
2.456,-15.448965,13.178884,3.711818,1.6725211,3.5851936,0.31844878
2.458,-15.278144,13.150026,3.2956326,1.6587868,3.6172574,0.2372464
2.46,-15.102443,13.124704,2.882226,1.6435161,3.639359,0.15468931
2.462,-14.92233,13.101728,2.4731436,1.626714,3.6516144,0.070815444
2.464,-14.738689,13.080342,2.069838,1.6083915,3.6541948,-0.014343858
2.466,-14.551784,13.059532,1.6738739,1.5885453,3.6472979,-0.10070431
2.468,-14.362266,13.038381,1.2864103,1.5671499,3.6311476,-0.18816495
2.47,-14.170836,13.016031,0.9086919,1.5441812,3.605979,-0.27660537
2.472,-13.978112,12.991844,0.5417514,1.5196016,3.5720477,-0.36590135
2.474,-13.78476,12.965225,0.18659067,1.4933392,3.5296073,-0.45590878
2.476,-13.591454,12.935781,-0.15601444,1.4653363,3.478931,-0.54644954
2.478,-13.398901,12.903227,-0.48506832,1.435539,3.4203029,-0.63734615
2.48,-13.207511,12.867054,-0.79992723,1.4038922,3.354022,-0.7283981
2.482,-13.017889,12.827106,-1.1000929,1.3703833,3.2804265,-0.8193947
2.484,-12.830692,12.783268,-1.3849006,1.3350035,3.1998708,-0.910123
2.486,-12.646202,12.735329,-1.6540251,1.2977945,3.1127605,-1.000374
2.488,-12.464967,12.683414,-1.9068575,1.2588192,3.0195308,-1.0899534
2.49,-12.287415,12.627618,-2.1430883,1.2181786,2.9206529,-1.178664
2.492,-12.113788,12.567942,-2.3624935,1.176015,2.8166494,-1.2663381
2.494,-11.944343,12.504608,-2.5648813,1.1325138,2.7080817,-1.3528187
2.496,-11.779331,12.437938,-2.7498689,1.0878774,2.5955434,-1.437964
2.498,-11.618975,12.368002,-2.9176798,1.0423348,2.4796526,-1.5216465
2.5,-11.463295,12.295055,-3.0682912,0.9961292,2.361036,-1.6037679
2.502,-11.312345,12.219452,-3.201682,0.9495316,2.2403307,-1.6842358
2.504,-11.1662445,12.141483,-3.3180475,0.9028056,2.1181858,-1.7629553
2.506,-11.024952,12.061504,-3.4175277,0.8562213,1.9952385,-1.8398699
2.508,-10.888399,11.979729,-3.5003848,0.8100526,1.8721038,-1.9149148
2.51,-10.75641,11.896542,-3.567079,0.76456964,1.7494031,-1.9880579
2.512,-10.628926,11.812331,-3.6179557,0.7200372,1.6277148,-2.0592747
2.514,-10.50567,11.72745,-3.65348,0.67671126,1.507611,-2.1285627
2.516,-10.386658,11.642128,-3.6742072,0.63483745,1.3896343,-2.1959174
2.518,-10.271427,11.556841,-3.6807742,0.59465605,1.2742975,-2.2613435
2.52,-10.159608,11.471607,-3.673808,0.5564042,1.1620905,-2.3248568
2.522,-10.051156,11.386831,-3.6541772,0.5202753,1.0534601,-2.386468
2.524,-9.945746,11.302681,-3.6225696,0.48645702,0.94881463,-2.4461946
2.526,-9.842882,11.21937,-3.5797834,0.45511234,0.84851503,-2.5040603
2.528,-9.742406,11.137041,-3.5266924,0.4263823,0.75286365,-2.5600786
2.53,-9.644066,11.056082,-3.464158,0.40037188,0.6621125,-2.6142669
2.532,-9.547444,10.976564,-3.3929315,0.37715858,0.57645524,-2.666625
2.534,-9.452177,10.898659,-3.313983,0.35680252,0.49603665,-2.7171793
2.536,-9.357965,10.822523,-3.2281113,0.33933744,0.42093158,-2.7659326
2.538,-9.264569,10.7484455,-3.1362123,0.32477307,0.35117602,-2.8128762
2.54,-9.171752,10.676624,-3.0390348,0.31309614,0.28672576,-2.8579555
2.542,-9.07912,10.606956,-2.9373488,0.3042822,0.22748315,-2.9011045
2.544,-8.9864435,10.539587,-2.8319068,0.2982984,0.17329657,-2.942242
2.546,-8.893401,10.474672,-2.7234535,0.29510048,0.123954654,-2.981251
2.548,-8.799805,10.412107,-2.6126242,0.2946129,0.07922089,-3.018014
2.55,-8.705315,10.351984,-2.5000305,0.29676497,0.038818,-3.0524125
2.552,-8.609729,10.294328,-2.3862224,0.30147088,0.0024557114,-3.0843375
2.554,-8.512782,10.238884,-2.2716084,0.30865344,-0.030143142,-3.1137168
2.556,-8.414334,10.185601,-2.1567483,0.31822827,-0.059235215,-3.1405554
2.558,-8.31415,10.13439,-2.0419526,0.3301264,-0.08506048,-3.1649299
2.56,-8.212025,10.084967,-1.9275389,0.34428924,-0.10777569,-3.186959
2.562,-8.107734,10.037129,-1.8137808,0.36067057,-0.12750089,-3.2068443
2.564,-8.0013485,9.990522,-1.7011437,0.3792464,-0.14429367,-3.224812
2.566,-7.8924985,9.944913,-1.5898952,0.40002096,-0.15817404,-3.2411041
2.568,-7.781267,9.899918,-1.4802384,0.423002,-0.16911793,-3.2559779
2.57,-7.6676507,9.855237,-1.372416,0.44819713,-0.1770798,-3.2696738
2.572,-7.5515776,9.810562,-1.2667065,0.4756252,-0.1819973,-3.282382
2.574,-7.4329596,9.76548,-1.1632762,0.5052664,-0.1838038,-3.294221
2.576,-7.3119493,9.71975,-1.0625157,0.53708607,-0.18243873,-3.3052354
2.578,-7.188657,9.673002,-0.96463776,0.57101417,-0.17785144,-3.3153875
2.58,-7.0633183,9.625027,-0.8698597,0.6069449,-0.17002559,-3.324565
2.582,-6.9360003,9.5757265,-0.77842426,0.64474815,-0.1589458,-3.3326464
2.584,-6.806897,9.5248375,-0.69066143,0.68426776,-0.14460123,-3.339467
2.586,-6.6764793,9.472336,-0.6067991,0.7253453,-0.12700176,-3.3448615
2.588,-6.5447783,9.418159,-0.52715635,0.7678122,-0.10618627,-3.348671
2.59,-6.4122324,9.362335,-0.45197105,0.81150466,-0.08219421,-3.3507705
2.592,-6.279198,9.304901,-0.38143873,0.8562835,-0.055092692,-3.3510506
2.594,-6.145787,9.246023,-0.31573582,0.90203065,-0.024957418,-3.3494487
2.596,-6.0125966,9.185831,-0.255023,0.94866335,0.008097649,-3.3459122
2.598,-5.879755,9.124424,-0.19949055,0.9961136,0.043928146,-3.3404002
2.6,-5.747596,9.06203,-0.1491766,1.0443473,0.08237481,-3.3328943
2.602,-5.6164346,8.9988575,-0.10418415,1.0933628,0.12323964,-3.3233986
2.604,-5.486472,8.935044,-0.06459713,1.143162,0.16631293,-3.311936
2.606,-5.3580546,8.8706,-0.030394077,1.1937487,0.21137166,-3.2985544
2.608,-5.231239,8.805872,-0.001437664,1.2451243,0.25818753,-3.2833242
2.61,-5.1062374,8.740828,0.022366524,1.2972815,0.3065238,-3.2663403
2.612,-4.9831457,8.675461,0.041074753,1.350204,0.35615957,-3.2477071
2.614,-4.8621316,8.609878,0.05489254,1.4038507,0.4068538,-3.2275696
2.616,-4.7432666,8.54402,0.06390047,1.4581681,0.45838082,-3.206081
2.618,-4.626707,8.477972,0.06833553,1.5130794,0.5105163,-3.18342
2.62,-4.5123143,8.411598,0.06847763,1.568505,0.5630466,-3.1597507
2.622,-4.4002333,8.344685,0.06450415,1.6243485,0.61575186,-3.135223
2.624,-4.2904367,8.277128,0.056674957,1.6805089,0.6684098,-3.1099668
2.626,-4.182871,8.208935,0.045313835,1.73688,0.72079587,-3.0841029
2.628,-4.077616,8.139942,0.030604362,1.7933595,0.7726835,-3.057726
2.63,-3.9745212,8.069986,0.012832642,1.8498343,0.8238472,-3.0309124
2.632,-3.8734927,7.9989376,-0.0077166557,1.9061668,0.87405634,-3.0036883
2.634,-3.7744799,7.92675,-0.030771255,1.9622215,0.9230907,-2.976067
2.636,-3.6775212,7.8533583,-0.05609274,2.017861,0.9707084,-2.9480083
2.638,-3.5824513,7.7785597,-0.08328915,2.0729396,1.0166633,-2.9194722
2.64,-3.4891186,7.7021985,-0.11221552,2.127304,1.0607251,-2.8904047
2.642,-3.397418,7.62427,-0.1425643,2.1808019,1.1026766,-2.8607383
2.644,-3.307414,7.5448503,-0.1739881,2.2332938,1.1422832,-2.830411
2.646,-3.218897,7.4638257,-0.20618534,2.2846534,1.1793495,-2.799386
2.648,-3.1317167,7.3810325,-0.2388525,2.334754,1.2136889,-2.7676444
2.65,-3.0458095,7.2965684,-0.2717619,2.383482,1.2451361,-2.735193
2.652,-2.9610546,7.210669,-0.30452538,2.4307508,1.2735379,-2.7020633
2.654,-2.8772407,7.123332,-0.33689094,2.4764762,1.298758,-2.6683073
2.656,-2.7943342,7.034543,-0.36853242,2.5205886,1.3207008,-2.6339958
2.658,-2.7122006,6.9445143,-0.39911747,2.5630472,1.3392894,-2.5992236
2.66,-2.6307073,6.853445,-0.42837548,2.6038241,1.3544838,-2.5641131
2.662,-2.5496945,6.7613797,-0.45601797,2.6428993,1.3662627,-2.528789
2.664,-2.4690561,6.668668,-0.48188806,2.680275,1.374644,-2.4933734
2.666,-2.3886223,6.575388,-0.5056653,2.7159665,1.379676,-2.4580045
2.668,-2.3083997,6.4818745,-0.52719426,2.7500088,1.3814441,-2.4227967
2.67,-2.228232,6.3883996,-0.5463395,2.7824328,1.380055,-2.3878434
2.672,-2.1480112,6.29523,-0.5629301,2.813275,1.3756275,-2.3532217
2.674,-2.067647,6.202858,-0.57677054,2.8425648,1.36829,-2.3189983
2.676,-1.9872048,6.1115904,-0.5876775,2.8703265,1.358164,-2.2852068
2.678,-1.9065118,6.021899,-0.59569526,2.8965805,1.3453846,-2.2518618
2.68,-1.8255992,5.934204,-0.60085535,2.9213257,1.3300579,-2.2189493
2.682,-1.7444535,5.849037,-0.6030667,2.9445682,1.3122674,-2.1864507
2.684,-1.6631864,5.7668757,-0.60230184,2.966302,1.2920823,-2.1543236
2.686,-1.5817624,5.688224,-0.5986428,2.9865112,1.2695422,-2.122524
2.688,-1.4999789,5.613595,-0.5921352,3.0051835,1.2446736,-2.0909922
2.69,-1.4180509,5.5435505,-0.58278847,3.0222914,1.2175028,-2.0596712
2.692,-1.3360567,5.4785023,-0.5707557,3.0378323,1.1880398,-2.0285194
2.694,-1.2539945,5.418905,-0.55604935,3.0517848,1.156279,-1.9975016
2.696,-1.1718485,5.365207,-0.5388174,3.0641448,1.122228,-1.9665899
2.698,-1.0920342,5.316756,-0.52036834,3.0749009,1.0858996,-1.9357997
2.7,-1.0129157,5.274603,-0.49997115,3.0840359,1.0473077,-1.9051408
2.702,-0.93467677,5.238968,-0.47782588,3.0915442,1.0064836,-1.8746481
2.704,-0.85752535,5.2099333,-0.4541496,3.0974364,0.96345365,-1.8443725
2.706,-0.7815596,5.187557,-0.42905605,3.1017094,0.9182744,-1.8143783
2.708,-0.7071165,5.1718817,-0.40280712,3.1043782,0.870973,-1.7847252
2.71,-0.63434947,5.1627507,-0.3755709,3.1054668,0.8215922,-1.7554731
2.712,-0.5633377,5.1599617,-0.34755063,3.1050043,0.77018154,-1.7266715
2.714,-0.4943787,5.1632566,-0.31885839,3.1030073,0.71678007,-1.6983459
2.716,-0.42749262,5.172303,-0.28979492,3.099521,0.661461,-1.6705409
2.718,-0.36294103,5.1866837,-0.2604171,3.0945938,0.6042932,-1.6432933
2.72,-0.30073667,5.2059536,-0.23098421,3.0882764,0.5453776,-1.6166342
2.722,-0.24104977,5.229585,-0.20160615,3.0806158,0.48481965,-1.5906149
2.724,-0.18384778,5.256996,-0.17245543,3.0716805,0.42276108,-1.5653123
2.726,-0.12919223,5.2877045,-0.1435802,3.0620933,0.36170554,-1.5413535
2.728,-0.07702184,5.3210697,-0.1151557,3.0517168,0.30075622,-1.5185128
2.73,-0.027498245,5.3566504,-0.08726871,3.04076,0.24056423,-1.4969752
2.732,0.019543886,5.3940067,-0.060002446,3.029456,0.18182003,-1.4769231
2.734,0.064120054,5.432623,-0.033418536,3.0180416,0.12523174,-1.4585218
2.736,0.106300116,5.472045,-0.007640958,3.0067444,0.07144797,-1.4418836
2.738,0.14617777,5.511855,0.017407894,2.995777,0.021008015,-1.4270747
2.74,0.18370628,5.5518484,0.04163134,2.9853106,-0.02570188,-1.4140849
2.742,0.21911788,5.591607,0.06512654,2.975471,-0.06846666,-1.4028525
2.744,0.25244474,5.630927,0.087739944,2.9663386,-0.10723591,-1.3932579
2.746,0.2838769,5.669532,0.10953951,2.9579463,-0.14209843,-1.3851447
2.748,0.31357384,5.7073693,0.13047075,2.9503014,-0.17325246,-1.3783389
