Time_s_,Acc_x_m_s_2_,Acc_y_m_s_2_,Acc_z_m_s_2_,Gyro_x_1_s_,Gyro_y_1_s_,Gyro_z_1_s_
0,3.6943338,-3.1189103,-0.13703421,0.49899277,1.6016105,-0.6461469
0.002,3.7144253,-3.1013775,-0.04196118,0.47792464,1.5376935,-0.6708778
0.004,3.7474,-3.085426,0.0560626,0.4522809,1.4652702,-0.69673824
0.006,3.7935433,-3.0704126,0.15674618,0.4214427,1.383678,-0.7233499
0.008,3.852727,-3.0557032,0.25919873,0.3850172,1.292678,-0.7502631
0.01,3.9253826,-3.040512,0.3619311,0.34297585,1.192678,-0.77690274
0.012,4.011866,-3.0243742,0.46308932,0.29581177,1.084936,-0.8025256
0.014,4.11244,-3.0070329,0.560701,0.24465239,0.97157407,-0.82622075
0.016,4.227146,-2.9879303,0.65272254,0.19126125,0.85552037,-0.8469919
0.018,4.3552113,-2.9662237,0.73713195,0.13802546,0.74040824,-0.8638602
0.02,4.4951777,-2.9406877,0.81195426,0.08780396,0.6302604,-0.8759552
0.022,4.645396,-2.9100547,0.8756155,0.043614384,0.5289461,-0.8825608
0.024,4.803857,-2.8727965,0.9267666,0.008251891,0.43968052,-0.8831515
0.026,4.9681807,-2.8274004,0.96428096,-0.016094506,0.36458188,-0.8774272
0.028,5.136126,-2.7726245,0.98701525,-0.029090673,0.30161008,-0.8660795
0.03,5.3050947,-2.7072039,0.9941312,-0.029165432,0.25447273,-0.84803015
0.032,5.4724793,-2.6301627,0.98502636,-0.01736091,0.22096334,-0.82374305
0.034,5.635644,-2.5407012,0.9592128,0.004484579,0.19817235,-0.7937235
0.036,5.792085,-2.438486,0.9167085,0.034009755,0.18295026,-0.758544
0.038,5.9395685,-2.3237035,0.85795426,0.068561904,0.17208415,-0.7187942
0.04,6.0758753,-2.1969588,0.7841741,0.105570234,0.16272661,-0.6751387
0.042,6.199456,-2.0594678,0.69716865,0.14293781,0.15263164,-0.6283853
0.044,6.3096604,-1.912956,0.59933925,0.17906736,0.13988185,-0.57937855
0.046,6.405425,-1.7594559,0.49305773,0.21283972,0.12282397,-0.5289315
0.048,6.486252,-1.6011804,0.38052905,0.24367584,0.10026871,-0.47793108
0.05,6.552148,-1.4407486,0.2642752,0.2714699,0.07140108,-0.42743036
0.052,6.6038365,-1.2809126,0.14719439,0.29642123,0.035533242,-0.3786266
0.054,6.643016,-1.1250994,0.03231573,0.3189059,-0.008002298,-0.33277813
0.056,6.6714735,-0.9737487,-0.076797605,0.33938056,-0.059767235,-0.29116765
0.058,6.691123,-0.8335779,-0.177261,0.3582885,-0.12023755,-0.25509837
0.06,6.702064,-0.7064171,-0.26653266,0.37599397,-0.18998444,-0.22582348
0.062,6.7067575,-0.5949683,-0.3419205,0.39267078,-0.26976088,-0.20444795
0.064,6.7086935,-0.5022979,-0.399907,0.4083176,-0.36047176,-0.19189551
0.066,6.71055,-0.43123388,-0.43632793,0.42279887,-0.4631147,-0.18888828
0.068,6.7110214,-0.38244557,-0.4488101,0.43589452,-0.5786225,-0.19584438
0.07,6.7082148,-0.3560655,-0.4353752,0.44736624,-0.707671,-0.21276616
0.072,6.7007036,-0.35152936,-0.39332962,0.45693544,-0.8505407,-0.23919898
0.074,6.688682,-0.36761856,-0.31949186,0.46433443,-1.0069013,-0.27425665
0.076,6.6731863,-0.4028306,-0.2121712,0.4693943,-1.1755128,-0.31671393
0.078,6.6547966,-0.45517826,-0.070391774,0.4721305,-1.3541117,-0.36504686
0.08,6.6318254,-0.5224824,0.108258605,0.4727581,-1.5395949,-0.41754276
0.082,6.601777,-0.6020441,0.3255912,0.4716984,-1.7281396,-0.47235993
0.084,6.5613575,-0.69008255,0.582464,0.46959692,-1.9152355,-0.5275716
0.086,6.507387,-0.78257155,0.87862706,0.46722054,-2.0960608,-0.5812802
0.088,6.4368134,-0.87525463,1.213374,0.4653321,-2.265891,-0.63172483
0.09,6.345997,-0.9635124,1.5852005,0.46472067,-2.4202292,-0.67728597
0.092,6.231146,-1.04252,1.9916768,0.46625638,-2.5549788,-0.716398
0.094,6.0879726,-1.1073201,2.4294202,0.47081518,-2.6667137,-0.7476846
0.096,5.9119215,-1.1531177,2.8933854,0.4791839,-2.7528372,-0.770048
0.098,5.6988983,-1.1752813,3.378389,0.49205303,-2.8116918,-0.7827749
0.1,5.4459157,-1.1700392,3.8795047,0.5100336,-2.842454,-0.78553617
0.102,5.1501713,-1.134346,4.3916445,0.53364027,-2.8450208,-0.77843916
0.104,4.809463,-1.0661619,4.9097033,0.5632117,-2.8200624,-0.7619649
0.106,4.422309,-0.9641266,5.427915,0.59890294,-2.768841,-0.73700225
0.108,3.9879832,-0.82770395,5.9403586,0.6407074,-2.6931267,-0.7048005
0.11,3.5069504,-0.6572125,6.441101,0.68840957,-2.5951767,-0.6668873
0.112,2.9811482,-0.45435524,6.9253426,0.74154454,-2.477639,-0.624905
0.114,2.4134731,-0.2216816,7.3885164,0.7993403,-2.343502,-0.5805141
0.116,1.8080704,0.036981106,7.826455,0.8608013,-2.1959608,-0.5353407
0.118,1.1700615,0.31722736,8.236013,0.9247172,-2.0383244,-0.4909516
0.12,0.5051265,0.6140349,8.61493,0.9897084,-1.8738551,-0.44877267
0.122,-0.1799941,0.9220824,8.961745,1.0543245,-1.7055855,-0.41007754
0.124,-0.87823343,1.2359457,9.275913,1.1171738,-1.5363405,-0.3759575
0.126,-1.5819831,1.5497923,9.55747,1.1770171,-1.3687624,-0.3472862
0.128,-2.2830274,1.8576355,9.8068695,1.2328436,-1.2052841,-0.32469025
0.13,-2.9729812,2.1538806,10.02473,1.2839173,-1.048142,-0.3085341
0.132,-3.6433845,2.4334047,10.212031,1.329748,-0.89942276,-0.29898062
0.134,-4.2857018,2.6908824,10.370134,1.3701209,-0.7609182,-0.29586214
0.136,-4.8919454,2.9217875,10.5005,1.4050401,-0.6342275,-0.29873878
0.138,-5.4553556,3.1228037,10.604938,1.4346529,-0.52092576,-0.30696464
0.14,-5.9697323,3.2915044,10.685344,1.4592566,-0.42227945,-0.3197428
0.142,-6.4302015,3.4266543,10.743619,1.4792731,-0.33907965,-0.33614588
0.144,-6.8318725,3.5275488,10.782262,1.4950898,-0.27187574,-0.35530025
0.146,-7.17074,3.594263,10.802974,1.5069821,-0.22097689,-0.37657154
0.148,-7.4435034,3.6276207,10.806846,1.5152191,-0.18627831,-0.39948708
0.15,-7.647672,3.6288385,10.794482,1.5201347,-0.16720393,-0.4237805
0.152,-7.7819138,3.599899,10.76635,1.5220838,-0.16284776,-0.449414
0.154,-7.8457727,3.5430958,10.723215,1.521444,-0.17212418,-0.4765699
0.156,-7.8394704,3.4610534,10.665851,1.5186507,-0.1937407,-0.505502
0.158,-7.764142,3.3562334,10.594718,1.5142641,-0.22602627,-0.53643304
0.16,-7.621968,3.2312896,10.509154,1.5088807,-0.26717922,-0.56945527
0.162,-7.415241,3.0884807,10.40912,1.5030911,-0.31518683,-0.60451275
0.164,-7.147736,2.930528,10.295369,1.4976007,-0.3676229,-0.6413029
0.166,-6.8244457,2.760159,10.169419,1.4932022,-0.42174116,-0.679307
0.168,-6.4484963,2.579303,10.031218,1.4907277,-0.4746309,-0.71783316
0.17,-6.023915,2.3896961,9.881268,1.4908983,-0.5234325,-0.7560818
0.172,-5.5568213,2.1938102,9.719689,1.494339,-0.5654454,-0.7932234
0.174,-5.053707,1.9943479,9.546589,1.5014876,-0.59833395,-0.82852924
0.176,-4.5207825,1.7939062,9.362823,1.5126176,-0.6200845,-0.8613629
0.178,-3.9643612,1.593987,9.169217,1.5278448,-0.62905157,-0.8911825
0.18,-3.3909245,1.3961023,8.965975,1.5471381,-0.62401855,-0.9174807
0.182,-2.8074791,1.2017918,8.754322,1.5703491,-0.60430855,-0.93974125
0.184,-2.222075,1.0128859,8.535089,1.5972655,-0.5697746,-0.95739
0.186,-1.6425855,0.8313147,8.309372,1.6277392,-0.5206633,-0.9697802
0.188,-1.076455,0.65892124,8.078527,1.6616936,-0.45761284,-0.9763191
0.19,-0.5293584,0.49762964,7.843877,1.6990714,-0.38175386,-0.9764924
0.192,-0.007086158,0.34941626,7.6070805,1.7397282,-0.2948266,-0.96992964
0.194,0.48509264,0.21578658,7.3692327,1.7833731,-0.19916686,-0.95653087
0.196,0.94263333,0.09796357,7.1312556,1.8295703,-0.097540796,-0.9366237
0.198,1.361035,-0.003011942,6.893644,1.8777516,0.0070202947,-0.9109391
0.2,1.7364784,-0.085945606,6.6566987,1.9272385,0.1112839,-0.88052833
0.202,2.065482,-0.14986062,6.421068,1.9772458,0.2118761,-0.84670186
0.204,2.3461227,-0.19420981,6.1878166,2.0269256,0.3054728,-0.8109721
0.206,2.5769627,-0.21870542,5.957917,2.0754042,0.38908982,-0.7749332
0.208,2.757561,-0.22332549,5.732221,2.1218824,0.46033645,-0.7400602
0.21,2.8877602,-0.20811772,5.512075,2.1657138,0.51751745,-0.70758706
0.212,2.9692378,-0.17409897,5.2984514,2.2064621,0.55978775,-0.678347
0.214,3.0040069,-0.12249994,5.0922275,2.2439923,0.58726645,-0.65272546
0.216,2.9940734,-0.0546062,4.8945694,2.2784033,0.6008139,-0.63073003
0.218,2.9421625,0.027927399,4.707075,2.309956,0.60180664,-0.6121606
0.22,2.8516436,0.12294912,4.531434,2.3390615,0.59200394,-0.5966984
0.222,2.726357,0.22848272,4.369012,2.3662353,0.57347393,-0.5839274
0.224,2.5708463,0.34226584,4.2214766,2.3920639,0.54834175,-0.57339567
0.226,2.3894997,0.4619428,4.0903907,2.4170513,0.51853186,-0.5646595
0.228,2.186759,0.5852611,3.9774396,2.4416237,0.485731,-0.5573212
0.23,1.9671609,0.70991015,3.8841403,2.4660385,0.4511785,-0.5510813
0.232,1.7347169,0.83373,3.8119442,2.4903579,0.4157127,-0.54571867
0.234,1.4939897,0.95464253,3.7618444,2.5145087,0.37985492,-0.54107654
0.236,1.2494848,1.0704063,3.7349615,2.5382748,0.34381592,-0.53704655
0.238,1.0052993,1.1790135,3.7324088,2.5612843,0.30743206,-0.5336204
0.24,0.76536816,1.2783332,3.7553346,2.58302,0.27033,-0.530905
0.242,0.5325217,1.366674,3.8043747,2.602971,0.23219693,-0.5290647
0.244,0.30950147,1.4429522,3.879729,2.620615,0.19278657,-0.5283846
0.246,0.09874344,1.5063742,3.9815571,2.6354446,0.15191162,-0.52939284
0.248,-0.09713209,1.555799,4.1094403,2.6470282,0.109484196,-0.532802
0.25,-0.27569497,1.5904257,4.262424,2.6549897,0.065404415,-0.53948617
0.252,-0.43462443,1.609276,4.439021,2.6590273,0.019636154,-0.55043745
0.254,-0.57253814,1.611847,4.6368055,2.6589708,-0.027657628,-0.5666697
0.256,-0.6883875,1.5981605,4.8534036,2.6548576,-0.076060414,-0.58904815
0.258,-0.78072405,1.5681019,5.086411,2.6469452,-0.124934316,-0.6181186
0.26,-0.84813213,1.5218852,5.3327966,2.6357691,-0.17343271,-0.653998
0.262,-0.8905049,1.4604816,5.5877576,2.6220646,-0.22052407,-0.6963526
0.264,-0.90772444,1.3843739,5.848342,2.6067212,-0.264978,-0.7443991
0.266,-0.8991777,1.2940247,6.1122203,2.5907133,-0.3053996,-0.7969635
0.268,-0.86502224,1.1904068,6.3767595,2.574985,-0.34033477,-0.852557
0.27,-0.8051366,1.0751199,6.6381297,2.5603957,-0.36839503,-0.9094808
0.272,-0.72003365,0.9495417,6.8917904,2.5476305,-0.38842547,-0.96604955
0.274,-0.61032414,0.81540895,7.1329465,2.5371833,-0.39957166,-1.0207542
0.276,-0.47675985,0.67456305,7.357102,2.529334,-0.40143657,-1.0724099
0.278,-0.32098556,0.5288413,7.561451,2.524129,-0.39413244,-1.1202341
0.28,-0.1454342,0.38037485,7.744096,2.5214443,-0.37820095,-1.1638596
0.282,0.048076153,0.23082536,7.9030757,2.52101,-0.3545453,-1.2032306
0.284,0.25779927,0.08134842,8.036115,2.5225291,-0.32425135,-1.2384816
0.286,0.48153615,-0.066480994,8.140345,2.5257444,-0.28840035,-1.2697737
0.288,0.7173103,-0.21093702,8.213083,2.5304646,-0.24795866,-1.297192
0.29,0.9628966,-0.35031462,8.252461,2.5367155,-0.20351839,-1.3206583
0.292,1.2154746,-0.48321992,8.257072,2.5447154,-0.1553626,-1.3399733
0.294,1.472563,-0.6084332,8.22645,2.5546882,-0.10386169,-1.3548806
0.296,1.7313764,-0.7250194,8.160656,2.566833,-0.049421072,-1.365111
0.298,1.9895036,-0.8322417,8.060329,2.5815318,0.00789535,-1.3704673
0.3,2.2446275,-0.92965287,7.9263835,2.5992303,0.06808829,-1.3709357
0.302,2.495211,-1.0169075,7.7601047,2.6201649,0.13055229,-1.366776
0.304,2.7395515,-1.093855,7.563314,2.644392,0.19415736,-1.3585112
0.306,2.9763012,-1.1606238,7.3381658,2.6717691,0.25725758,-1.3469363
0.308,3.2042189,-1.2173626,7.087183,2.7019854,0.3178078,-1.3330482
0.31,3.4223354,-1.2643276,6.8137193,2.734615,0.3735199,-1.3179467
0.312,3.629844,-1.3019817,6.5218134,2.769173,0.42209804,-1.3026599
0.314,3.8259988,-1.3307929,6.215523,2.8051546,0.46142542,-1.2880373
0.316,4.0104003,-1.3512435,5.899156,2.842105,0.48973548,-1.2746896
0.318,4.182503,-1.3641748,5.5771494,2.8796616,0.505731,-1.2629455
0.32,4.3426266,-1.3705907,5.253188,2.9175334,0.5086274,-1.2529076
0.322,4.4903398,-1.3708085,4.931374,2.9554873,0.49813807,-1.2444723
0.324,4.6257496,-1.3653631,4.616073,2.9933314,0.47449172,-1.2374334
0.326,4.7498593,-1.355377,4.311418,3.030899,0.43831313,-1.2315186
0.328,4.8635616,-1.342,4.021196,3.068025,0.3905288,-1.2264743
0.33,4.967667,-1.3262008,3.748664,3.1045587,0.3323493,-1.2220693
0.332,5.0627737,-1.3088953,3.4967585,3.140407,0.26524878,-1.2181125
0.334,5.149472,-1.2911644,3.268224,3.1755624,0.1908772,-1.2144628
0.336,5.229253,-1.2740655,3.065309,3.2101178,0.111062646,-1.2109646
0.338,5.303548,-1.2588598,2.8895931,3.2442715,0.027769208,-1.2073979
0.34,5.373654,-1.2466298,2.7423306,3.2783475,-0.056920648,-1.2034993
0.342,5.441416,-1.2383074,2.6242256,3.3127713,-0.14090598,-1.1989399
0.344,5.50844,-1.235099,2.535652,3.3479638,-0.22223783,-1.1933733
0.346,5.576476,-1.2376304,2.4764185,3.3843594,-0.29904616,-1.1864185
0.348,5.6477766,-1.2466764,2.4457524,3.4224577,-0.36947048,-1.1777436
0.35,5.724463,-1.2631135,2.4428852,3.462659,-0.43204308,-1.1671664
0.352,5.808946,-1.2877223,2.4669547,3.5051117,-0.48596203,-1.1545751
0.354,5.9031153,-1.3210088,2.5170217,3.549828,-0.53079855,-1.139881
0.356,6.0089207,-1.3635321,2.5916178,3.5967607,-0.5662749,-1.1231014
0.358,6.1282725,-1.4158297,2.6894612,3.6457329,-0.59252656,-1.1043382
0.36,6.262429,-1.4781765,2.808874,3.6964505,-0.6101005,-1.0837162
0.362,6.412923,-1.550689,2.9481292,3.7485094,-0.6199869,-1.0613658
0.364,6.580835,-1.6331214,3.1053796,3.8014224,-0.6235434,-1.0373834
0.366,6.7668567,-1.7252738,3.2786021,3.854677,-0.6223291,-1.0118965
0.368,6.9709916,-1.8267226,3.4653776,3.9078379,-0.618014,-0.98493385
0.37,7.1934085,-1.936878,3.6631026,3.9605439,-0.6122333,-0.9564611
0.372,7.434729,-2.0556931,3.869656,4.0124865,-0.60649586,-0.926371
0.374,7.6945105,-2.1819818,4.0802393,4.063482,-0.6021297,-0.8944577
0.376,7.9724865,-2.3147461,4.2902274,4.1134467,-0.6001444,-0.8604945
0.378,8.267826,-2.4527667,4.4957447,4.162347,-0.60127795,-0.82426584
0.38,8.578821,-2.5950043,4.6942763,4.210146,-0.60600173,-0.7855855
0.382,8.903793,-2.7398984,4.882788,4.2567925,-0.61452055,-0.744326
0.384,9.241161,-2.8863,5.0585165,4.302217,-0.6268048,-0.7004072
0.386,9.5877905,-3.032075,5.2172136,4.3463645,-0.64269257,-0.6538695
0.388,9.942069,-3.176004,5.3560953,4.3891907,-0.66196597,-0.60474026
0.39,10.302686,-3.3173747,5.4722037,4.4306936,-0.68436074,-0.55307674
0.392,10.666109,-3.453749,5.5601416,4.4709234,-0.7097237,-0.49894908
0.394,11.031993,-3.5847087,5.6176662,4.509977,-0.73805535,-0.44238552
0.396,11.399794,-3.7105558,5.6442223,4.548044,-0.769493,-0.38336992
0.398,11.765255,-3.82852,5.6384816,4.5853834,-0.8042668,-0.32183915
0.4,12.125917,-3.937483,5.6013136,4.6222987,-0.84270644,-0.25771287
0.402,12.478985,-4.034808,5.532828,4.6590853,-0.88527095,-0.19094813
0.404,12.822086,-4.119285,5.4344773,4.6960254,-0.93242705,-0.121574074
0.406,13.151151,-4.189394,5.307791,4.7333517,-0.98462665,-0.04973787
0.408,13.467263,-4.247083,5.157501,4.771203,-1.0424129,0.02429071
0.41,13.770425,-4.2937164,4.9904714,4.809633,-1.1064236,0.100097954
0.412,14.052779,-4.327065,4.810433,4.8485403,-1.1774558,0.17708507
0.414,14.311873,-4.347036,4.621398,4.8876834,-1.2564392,0.25451142
0.416,14.548755,-4.354736,4.4284477,4.9267497,-1.3443571,0.33149627
0.418,14.762366,-4.3506565,4.2370334,4.9653,-1.4423862,0.40704447
0.42,14.950397,-4.3348513,4.0537305,5.0029917,-1.5514146,0.48030597
0.422,15.111495,-4.308306,3.8872812,5.039524,-1.6720276,0.5504252
0.424,15.244369,-4.271971,3.746038,5.074581,-1.8047304,0.61663926
0.426,15.34874,-4.2271366,3.6362505,5.107936,-1.9495031,0.67843
0.428,15.426009,-4.175279,3.561864,5.139421,-2.1059184,0.7353794
0.43,15.477685,-4.117608,3.526286,5.169195,-2.2725735,0.7874501
0.432,15.505048,-4.05525,3.533707,5.197733,-2.4471874,0.83498716
0.434,15.509331,-3.9893818,3.589311,5.2257514,-2.626639,0.87865376
0.436,15.4919405,-3.9208333,3.697146,5.2541046,-2.807015,0.9194652
0.438,15.455023,-3.8499174,3.8584788,5.2838454,-2.9834237,0.9588868
0.44,15.401354,-3.7764845,4.0727496,5.3160763,-3.1502454,0.9987924
0.442,15.334227,-3.7002344,4.3382416,5.3517632,-3.3019567,1.0409598
0.444,15.257644,-3.6204367,4.6520653,5.39182,-3.4330254,1.0872283
0.446,15.174583,-3.5361328,5.011052,5.436879,-3.5384767,1.1394933
0.448,15.088109,-3.4460008,5.411178,5.487144,-3.614636,1.1994452
0.45,15.000727,-3.3483577,5.847969,5.5424867,-3.659057,1.2683752
0.452,14.914347,-3.2408984,6.316219,5.6025686,-3.6703682,1.3472307
0.454,14.830729,-3.1210244,6.810134,5.666948,-3.6480858,1.4366609
0.456,14.750863,-2.9861927,7.323474,5.7351565,-3.5924554,1.5370001
0.458,14.675622,-2.834053,7.8497596,5.806678,-3.5045152,1.6482329
0.46,14.60507,-2.6621537,8.382389,5.8808446,-3.3863137,1.7698777
0.462,14.538185,-2.4682803,8.91507,5.9567046,-3.241114,1.9009255
0.464,14.473281,-2.2502236,9.441834,6.0330205,-3.073285,2.0399702
0.466,14.407974,-2.0061622,9.957352,6.108402,-2.8880548,2.1853237
0.468,14.339294,-1.7345386,10.457102,6.181287,-2.6915855,2.335049
0.47,14.264287,-1.4348762,10.936951,6.2499537,-2.4908884,2.4870412
0.472,14.179013,-1.106736,11.393093,6.312639,-2.2932773,2.6391091
0.474,14.079229,-0.7502947,11.82248,6.367572,-2.1062624,2.7889228
0.476,13.960705,-0.3661046,12.222632,6.413199,-1.9366395,2.9343412
0.478,13.818919,0.045048,12.592047,6.448479,-1.7897362,3.0735602
0.48,13.649626,0.48115706,12.929683,6.4728374,-1.6694243,3.2051191
0.482,13.448383,0.94049823,13.235128,6.486288,-1.5777264,3.32808
0.484,13.211795,1.4207275,13.508226,6.4892335,-1.5151813,3.4418206
0.486,12.936848,1.9193453,13.74901,6.482537,-1.4806987,3.5460389
0.488,12.621769,2.433283,13.957638,6.4674554,-1.4720248,3.6407244
0.49,12.2651825,2.959726,14.134198,6.4454727,-1.4863509,3.7260337
0.492,11.86739,3.4955945,14.278176,6.418105,-1.5208334,3.8021426
0.494,11.429264,4.0377626,14.3895,6.386847,-1.5727414,3.8693168
0.496,10.954026,4.582509,14.469721,6.353173,-1.6393387,3.9280524
0.498,10.443974,5.127564,14.519459,6.3182936,-1.7185687,3.9787538
0.5,9.901997,5.6710873,14.540373,6.2832947,-1.808665,4.021767
0.502,9.333576,6.209825,14.536774,6.2491264,-1.9079525,4.0575414
0.504,8.742532,6.742758,14.510153,6.2164683,-2.0152173,4.086684
0.506,8.134172,7.268609,14.461439,6.185724,-2.129774,4.1098065
0.508,7.5179744,7.783572,14.393317,6.1571074,-2.2512193,4.127474
0.51,6.9012184,8.2860365,14.307137,6.1306834,-2.3793695,4.1402707
0.512,6.2916574,8.773696,14.205952,6.106431,-2.5141332,4.148824
0.514,5.6964293,9.245738,14.092829,6.0843563,-2.6552022,4.153767
0.516,5.1236315,9.701487,13.971679,6.0644584,-2.802225,4.155694
0.518,4.576706,10.142865,13.844399,6.0465856,-2.9550192,4.1550107
0.52,4.060564,10.570413,13.712908,6.030437,-3.1135488,4.15189
0.522,3.5861025,10.981167,13.583517,6.015599,-3.2777576,4.1463537
0.524,3.1569355,11.375091,13.462019,6.0016985,-3.4472966,4.1384
0.526,2.7726896,11.7530155,13.352709,5.9884644,-3.6214705,4.128096
0.528,2.4353912,12.114768,13.259611,5.9756837,-3.7992713,4.1156197
0.53,2.1474843,12.459709,13.184923,5.963217,-3.9794102,4.1012154
0.532,1.909409,12.788221,13.1288595,5.950919,-4.160394,4.0851464
0.534,1.7205875,13.10025,13.092363,5.938596,-4.3406234,4.067653
0.536,1.5786641,13.396271,13.077881,5.925992,-4.5184717,4.0489564
0.538,1.4795921,13.676651,13.088327,5.9127903,-4.6924376,4.029214
0.54,1.4190724,13.941497,13.1251335,5.89866,-4.8612123,4.0084686
0.542,1.3932238,14.190625,13.187357,5.88327,-5.023634,3.9866328
0.544,1.3975699,14.424024,13.272142,5.866298,-5.178735,3.9634767
0.546,1.4269876,14.641352,13.377578,5.847402,-5.3258767,3.938619
0.548,1.4755507,14.841984,13.503283,5.8262267,-5.4646835,3.9115999
0.55,1.5368938,15.02518,13.649005,5.802451,-5.5950155,3.881977
0.552,1.604717,15.190525,13.8136015,5.775784,-5.716926,3.8493752
0.554,1.6728609,15.337665,13.99506,5.746005,-5.830642,3.8134499
0.556,1.7361665,15.466475,14.1903105,5.712966,-5.93657,3.7739787
0.558,1.7900028,15.576829,14.396256,5.676578,-6.0352297,3.7308197
0.56,1.8303747,15.668748,14.60932,5.6367908,-6.1272674,3.6839023
0.562,1.8538201,15.741803,14.826365,5.5935993,-6.213492,3.6331935
0.564,1.8571181,15.796032,15.044769,5.5470996,-6.2947206,3.578695
0.566,1.837698,15.831585,15.262225,5.4974995,-6.371706,3.52045
0.568,1.79338,15.8490715,15.476945,5.4451265,-6.4451566,3.4586415
0.57,1.7228673,15.849172,15.68692,5.390454,-6.5155873,3.3935695
0.572,1.6259499,15.832651,15.890343,5.3340664,-6.583263,3.3256938
0.574,1.5027835,15.800287,16.08573,5.27659,-6.6482563,3.2556272
0.576,1.3539586,15.753135,16.271893,5.218683,-6.7103186,3.184133
0.578,1.1802104,15.692489,16.44724,5.1609225,-6.7690663,3.1120157
0.58,0.98275256,15.619985,16.611063,5.1037607,-6.8241277,3.0400286
0.582,0.7634461,15.536845,16.763086,5.047569,-6.8751507,2.9688153
0.584,0.52459216,15.444195,16.90278,4.992589,-6.9218864,2.898833
0.586,0.26882577,15.343178,17.029795,4.9389925,-6.9641933,2.8303456
0.588,-0.0010085106,15.235119,17.143507,4.8869333,-7.0019603,2.763438
0.59,-0.2819265,15.121509,17.243435,4.8365483,-7.035036,2.6980615
0.592,-0.57024765,15.003265,17.32927,4.7880645,-7.0631003,2.6341126
0.594,-0.8634305,14.8813305,17.400967,4.74179,-7.085527,2.5715282
0.596,-1.1590209,14.756752,17.458664,4.6981497,-7.101354,2.510343
0.598,-1.4544603,14.630217,17.50281,4.6576753,-7.109254,2.4507077
0.6,-1.7469556,14.502209,17.53364,4.620935,-7.1076736,2.3929417
0.602,-2.034404,14.373351,17.551285,4.588513,-7.0949097,2.3374689
0.604,-2.314333,14.2442,17.555113,4.5609565,-7.069287,2.2847564
0.606,-2.5842996,14.114944,17.544476,4.5386868,-7.029377,2.2352433
0.608,-2.8423617,13.985826,17.518486,4.5220003,-6.9741745,2.189311
0.61,-3.0868204,13.856859,17.476377,4.5110083,-6.9031343,2.1472006
0.612,-3.3163853,13.728318,17.417305,4.5057006,-6.8162436,2.109012
0.614,-3.5303197,13.600359,17.340733,4.505935,-6.7139487,2.0746937
0.616,-3.7280238,13.473213,17.246382,4.5114565,-6.5970664,2.044071
0.618,-3.9094734,13.347161,17.133808,4.52192,-6.466693,2.016851
0.62,-4.075143,13.222624,17.002995,4.536936,-6.3240876,1.9926455
0.622,-4.225585,13.099955,16.853941,4.5560493,-6.1706347,1.9709971
0.624,-4.36168,12.979561,16.686445,4.5787425,-6.007802,1.9513946
0.626,-4.484558,12.861816,16.500374,4.60446,-5.837123,1.9332855
0.628,-4.5957794,12.747338,16.2957,4.632624,-5.6601443,1.9161441
0.63,-4.697132,12.63667,16.07255,4.6626167,-5.4784465,1.8994331
0.632,-4.7905674,12.530353,15.831401,4.6938295,-5.293609,1.8826056
0.634,-4.8783145,12.428865,15.573039,4.7256517,-5.1071677,1.8651128
0.636,-4.962797,12.332865,15.298501,4.757512,-4.9205546,1.8464249
0.638,-5.046519,12.2429085,15.008924,4.7889094,-4.735024,1.826045
0.64,-5.1325827,12.159758,14.7059145,4.8194275,-4.5516014,1.8035274
0.642,-5.2238207,12.084042,14.391229,4.848733,-4.3710318,1.7785063
0.644,-5.323518,12.01661,14.066971,4.876627,-4.193752,1.7507422
0.646,-5.4345355,11.957895,13.73486,4.9029884,-4.0199275,1.720151
0.648,-5.55956,11.908525,13.396341,4.9277596,-3.8495107,1.6867987
0.65,-5.7005596,11.868692,13.052744,4.9509225,-3.6823373,1.6509353
0.652,-5.8592024,11.838881,12.705098,4.9724526,-3.518222,1.612941
0.654,-6.0366864,11.819232,12.354128,4.992323,-3.3570347,1.5732939
0.656,-6.2337646,11.810226,12.00028,5.0104613,-3.1988182,1.5325183
0.658,-6.4505997,11.81218,11.644363,5.0267696,-3.0438626,1.491131
0.66,-6.6869926,11.825485,11.287026,5.041147,-2.8927238,1.4495813
0.662,-6.9421434,11.850367,10.928882,5.0534816,-2.746181,1.4082187
0.664,-7.2149105,11.886784,10.570926,5.063702,-2.605172,1.3672725
0.666,-7.5034447,11.93471,10.214066,5.0717964,-2.4707232,1.3268197
0.668,-7.8056,11.993847,9.859116,5.0778284,-2.3438554,1.2868434
0.67,-8.118575,12.063799,9.506701,5.081916,-2.225524,1.247272
0.672,-8.4392805,12.144427,9.157069,5.084245,-2.1165807,1.207958
0.674,-8.7644005,12.235321,8.810469,5.085019,-2.017705,1.1687343
0.676,-9.090284,12.336223,8.467119,5.0844483,-1.9293785,1.1294134
0.678,-9.413414,12.446722,8.127742,5.0827494,-1.8518486,1.0897812
0.68,-9.730016,12.566122,7.7933755,5.0801144,-1.7851684,1.0496225
0.682,-10.03682,12.694023,7.4651904,5.0766907,-1.7291615,1.0086958
0.684,-10.330704,12.829879,7.1442833,5.0726233,-1.6834377,0.96673477
0.686,-10.608822,12.973126,6.8320107,5.0680265,-1.6473615,0.92349845
0.688,-10.868875,13.123445,6.529956,5.0630302,-1.6200658,0.87875485
0.69,-11.109004,13.280452,6.239611,5.057735,-1.6004906,0.83231014
0.692,-11.327707,13.443753,5.962409,5.052218,-1.5874904,0.78400266
0.694,-11.524396,13.613267,5.699983,5.0465527,-1.5798783,0.733728
0.696,-11.698735,13.788723,5.453909,5.040779,-1.5764985,0.68142176
0.698,-11.8511505,13.969802,5.2260246,5.034884,-1.5763292,0.62702703
0.7,-11.982725,14.156488,5.0182514,5.0287814,-1.5785708,0.57050514
0.702,-12.095071,14.348671,4.8322215,5.0223393,-1.5826836,0.51179045
0.704,-12.189915,14.546389,4.6692424,5.0153627,-1.5883873,0.4507373
0.706,-12.269799,14.749952,4.530508,5.0076313,-1.5956364,0.38714516
0.708,-12.337402,14.959269,4.416891,4.9988937,-1.604569,0.32072407
0.71,-12.39591,15.174728,4.329818,4.9889073,-1.6154195,0.25112778
0.712,-12.44957,15.396725,4.2708263,4.977426,-1.6284242,0.17798191
0.714,-12.501672,15.625314,4.2410455,4.9642377,-1.6437547,0.1009233
0.716,-12.556103,15.860712,4.241194,4.9491634,-1.6615374,0.019619465
0.718,-12.6165495,16.103119,4.27168,4.932047,-1.681848,-0.06620759
0.72,-12.686515,16.35287,4.332489,4.9127703,-1.7047045,-0.1567204
0.722,-12.769242,16.610031,4.4233103,4.8912654,-1.7300897,-0.25203377
0.724,-12.867518,16.874664,4.5436254,4.8675313,-1.7579442,-0.35219616
0.726,-12.983988,17.146467,4.6925907,4.8416076,-1.7882096,-0.45721635
0.728,-13.120571,17.425041,4.8695164,4.813594,-1.8208363,-0.5670947
0.73,-13.27882,17.709913,5.072857,4.783647,-1.8557289,-0.6818438
0.732,-13.4598875,18.0007,5.30127,4.751982,-1.8927766,-0.80148363
0.734,-13.6642475,18.296936,5.5526986,4.718875,-1.9317801,-0.9260603
0.736,-13.891859,18.598166,5.825317,4.6846285,-1.9724442,-1.0556222
0.738,-14.141451,18.90324,6.116648,4.6495557,-2.0144086,-1.1901469
0.74,-14.411823,19.211374,6.4240212,4.6139684,-2.0572655,-1.3295823
0.742,-14.700962,19.52158,6.7441607,4.5781665,-2.1004632,-1.473844
0.744,-15.006361,19.832941,7.073825,4.5424447,-2.1433997,-1.6228088
0.746,-15.324873,20.144379,7.4099126,4.50706,-2.185391,-1.7762938
0.748,-15.653043,20.454754,7.7493978,4.472203,-2.2257562,-1.9341035
0.75,-15.986908,20.762686,8.089172,4.4380302,-2.2638078,-2.0960174
0.752,-16.322475,21.066975,8.426153,4.4046626,-2.298874,-2.2618165
0.754,-16.655083,21.366241,8.756969,4.3722315,-2.3302748,-2.4312952
0.756,-16.980398,21.65931,9.078699,4.340834,-2.357329,-2.6042442
0.758,-17.293972,21.944931,9.388678,4.310596,-2.3793752,-2.7804399
0.76,-17.591774,22.222023,9.684364,4.2816467,-2.3957896,-2.9596782
0.762,-17.869846,22.489132,9.963469,4.2541237,-2.4060278,-3.1417646
0.764,-18.124393,22.744864,10.223882,4.2281604,-2.4096289,-3.326573
0.766,-18.351969,22.987623,10.463268,4.2039165,-2.4062686,-3.5140305
0.768,-18.549492,23.216007,10.679558,4.181495,-2.3958645,-3.7041254
0.77,-18.714176,23.42871,10.871143,4.160925,-2.3785949,-3.8968697
0.772,-18.843542,23.624256,11.036644,4.142189,-2.3548162,-4.092306
0.774,-18.935465,23.801495,11.174668,4.125209,-2.3250732,-4.2905335
0.776,-18.98892,23.959263,11.284565,4.109885,-2.2900233,-4.491644
0.778,-19.002693,24.096443,11.365612,4.0960903,-2.2503705,-4.6957183
0.78,-18.976562,24.211994,11.417633,4.0837216,-2.206831,-4.902784
0.782,-18.910717,24.304886,11.441072,4.072675,-2.160121,-5.112828
0.784,-18.805586,24.374268,11.436513,4.0628834,-2.1109803,-5.3257837
0.786,-18.662048,24.419456,11.4047985,4.0542912,-2.060198,-5.5415106
0.788,-18.48135,24.439938,11.346546,4.046845,-2.008638,-5.7598267
0.79,-18.265266,24.43568,11.262839,4.040497,-1.9573172,-5.9805207
0.792,-18.015503,24.406822,11.155161,4.0351734,-1.9073639,-6.203371
0.794,-17.733913,24.35336,11.025356,4.030764,-1.8600312,-6.4281397
0.796,-17.422361,24.275814,10.875499,4.0271034,-1.816765,-6.6545463
0.798,-17.082838,24.17478,10.708179,4.023992,-1.7790318,-6.882296
0.8,-16.717405,24.051294,10.525848,4.0212135,-1.7482753,-7.1111
0.802,-16.327957,23.90668,10.331469,4.018565,-1.7258208,-7.340647
0.804,-15.916155,23.742138,10.128137,4.0158234,-1.7128327,-7.570619
0.806,-15.483982,23.5595,9.919056,4.012808,-1.7102648,-7.80068
0.808,-15.033064,23.360685,9.707247,4.0093493,-1.7188547,-8.03049
0.81,-14.56452,23.147358,9.49547,4.005295,-1.7392222,-8.259731
0.812,-14.079477,22.921673,9.286686,4.0004935,-1.7718737,-8.488114
0.814,-13.578627,22.685797,9.083862,3.9947991,-1.817221,-8.715361
0.816,-13.062418,22.441921,8.889559,3.9880476,-1.8756084,-8.941216
0.818,-12.531418,22.192741,8.706211,3.9800663,-1.9473209,-9.165426
0.82,-11.985855,21.940193,8.535887,3.9706516,-2.0325692,-9.387716
0.822,-11.425518,21.6864,8.380472,3.9595907,-2.1313837,-9.60782
0.824,-10.850648,21.433659,8.241603,3.9467053,-2.243586,-9.82546
0.826,-10.261013,21.183903,8.120855,3.9317837,-2.3688817,-10.040319
0.828,-9.656159,20.938944,8.019486,3.914628,-2.5067449,-10.252028
0.83,-9.035856,20.700523,7.9385915,3.8950481,-2.6564894,-10.46021
0.832,-8.3999815,20.470024,7.879076,3.8728893,-2.8172638,-10.664502
0.834,-7.7482686,20.248724,7.8415465,3.8480155,-2.9880722,-10.864592
0.836,-7.0804586,20.037945,7.8263135,3.820309,-3.1677997,-11.060217
0.838,-6.396748,19.83862,7.833243,3.7896776,-3.3552642,-11.2511835
0.84,-5.697263,19.651543,7.8623147,3.7560463,-3.5492616,-11.43736
0.842,-4.982555,19.476995,7.913209,3.7193654,-3.7486248,-11.618668
0.844,-4.253564,19.315279,7.985729,3.6795876,-3.9522462,-11.79507
0.846,-3.511222,19.16634,8.079219,3.6366777,-4.1590514,-11.966567
0.848,-2.7575834,19.030416,8.193172,3.5905976,-4.3680587,-12.133195
0.85,-1.9935381,18.907104,8.326765,3.5412693,-4.5783052,-12.295007
0.852,-1.2210159,18.796051,8.47928,3.4886153,-4.788865,-12.452016
0.854,-0.44211435,18.696795,8.649801,3.4325442,-4.9988956,-12.604217
0.856,0.3407762,18.608934,8.837412,3.3729467,-5.2076645,-12.751565
0.858,1.1250653,18.531973,9.041308,3.3097076,-5.414629,-12.893996
0.86,1.9081359,18.465296,9.260467,3.2426856,-5.619481,-13.03148
0.862,2.6878238,18.40818,9.4942465,3.1717515,-5.8221774,-13.163984
0.864,3.4612355,18.360218,9.741999,3.096796,-6.0229197,-13.291503
0.866,4.22599,18.321125,10.003126,3.017714,-6.2222176,-13.414061
0.868,4.9795537,18.290785,10.277094,2.9344194,-6.4208593,-13.531745
0.87,5.7196875,18.268797,10.5634775,2.8468745,-6.619842,-13.644648
0.872,6.4445863,18.255363,10.861965,2.7550652,-6.8202534,-13.752904
0.874,7.1529474,18.250496,11.172504,2.6590462,-7.023256,-13.856647
0.876,7.843456,18.254387,11.49539,2.5589213,-7.229949,-13.955986
0.878,8.514802,18.267288,11.830821,2.4548335,-7.441366,-14.051016
0.88,9.166388,18.289057,12.179088,2.3469584,-7.658366,-14.141769
0.882,9.797821,18.319893,12.540485,2.2354622,-7.881615,-14.228201
0.884,10.409088,18.360046,12.915047,2.120501,-8.111583,-14.310237
0.886,11.000675,18.409637,13.302795,2.002187,-8.34853,-14.387724
0.888,11.5731735,18.468872,13.703958,1.8806219,-8.592509,-14.460451
0.89,12.127514,18.538025,14.118918,1.7558532,-8.843431,-14.528172
0.892,12.664944,18.617271,14.54739,1.6278944,-9.101043,-14.590612
0.894,13.186853,18.706703,14.988917,1.4967217,-9.364946,-14.647529
0.896,13.695059,18.80625,15.443233,1.3623204,-9.634619,-14.698646
0.898,14.191725,18.915874,15.910054,1.2247038,-9.909422,-14.743676
0.9,14.679443,19.035227,16.389124,1.0839534,-10.188591,-14.782314
0.902,15.1606655,19.16344,16.879957,0.9402294,-10.471291,-14.814254
0.904,15.637683,19.300219,17.382225,0.793808,-10.7565775,-14.83921
0.906,16.113352,19.444586,17.89526,0.6450701,-11.043475,-14.856874
0.908,16.590412,19.595692,18.418386,0.4944954,-11.330971,-14.866941
0.91,17.072258,19.752066,18.951427,0.34266567,-11.618032,-14.869094
0.912,17.562054,19.912338,19.493631,0.19026852,-11.903646,-14.862969
0.914,18.063108,20.07501,20.045063,0.0380373,-12.186833,-14.848243
0.916,18.579092,20.23795,20.60604,-0.113285065,-12.466734,-14.824655
0.918,19.11272,20.39906,21.17712,-0.26298237,-12.742575,-14.792006
0.92,19.66663,20.556423,21.758802,-0.4104128,-13.013601,-14.750189
0.922,20.244202,20.707539,22.351019,-0.55497646,-13.279083,-14.699186
0.924,20.847847,20.850077,22.9536,-0.6962004,-13.538237,-14.639069
0.926,21.479982,20.98138,23.567188,-0.83366966,-13.79023,-14.569994
0.928,22.142399,21.098894,24.19259,-0.9670181,-14.03404,-14.492191
0.93,22.836966,21.199972,24.830471,-1.0958738,-14.268562,-14.405931
0.932,23.565128,21.281942,25.481543,-1.2198744,-14.492544,-14.311479
0.934,24.327885,21.34232,26.146593,-1.3385992,-14.704716,-14.209024
0.936,25.125679,21.379011,26.826214,-1.4515896,-14.903836,-14.0987015
0.938,25.958961,21.389713,27.521147,-1.5583534,-15.088861,-13.980574
0.94,26.828001,21.3723,28.232065,-1.6583939,-15.259059,-13.854693
0.942,27.73236,21.325449,28.959522,-1.7512302,-15.413951,-13.721136
0.944,28.671518,21.247793,29.70385,-1.8364315,-15.553472,-13.580016
0.946,29.644747,21.138428,30.464937,-1.9135947,-15.677778,-13.431475
0.948,30.65148,20.996536,31.242561,-1.9823422,-15.787282,-13.275677
0.95,31.690493,20.821987,32.036453,-2.0423293,-15.882556,-13.112789
0.952,32.760983,20.614496,32.845955,-2.0932007,-15.964226,-12.942974
0.954,33.86169,20.374447,33.66999,-2.1345758,-16.033,-12.76638
0.956,34.990253,20.103067,34.50722,-2.1660433,-16.08952,-12.583053
0.958,36.145557,19.801651,35.35569,-2.1871529,-16.134306,-12.392991
0.96,37.32505,19.47198,36.213055,-2.1973863,-16.167799,-12.196066
0.962,38.526546,19.116457,37.07685,-2.1962023,-16.190308,-11.992009
0.964,39.748566,18.736826,37.94398,-2.1830378,-16.202143,-11.780451
0.966,40.98935,18.3359,38.810825,-2.1573482,-16.203644,-11.560949
0.968,42.24761,17.916376,39.673244,-2.1186242,-16.19524,-11.332979
0.97,43.522274,17.481075,40.527435,-2.0664256,-16.17759,-11.095949
0.972,44.81199,17.033285,41.369213,-2.000459,-16.151573,-10.8492985
0.974,46.11604,16.57674,42.19491,-1.9205127,-16.118317,-10.592505
0.976,47.433662,16.115631,43.001335,-1.8265166,-16.079165,-10.325025
0.978,48.76452,15.653944,43.786007,-1.7185054,-16.03567,-10.046423
0.98,50.109146,15.195968,44.54689,-1.5966282,-15.989501,-9.756302
0.982,51.46851,14.745798,45.282715,-1.4611702,-15.942364,-9.454289
0.984,52.842297,14.309609,45.992447,-1.3124355,-15.895851,-9.139961
0.986,54.232815,13.893108,46.676018,-1.1507009,-15.851304,-8.812911
0.988,55.642685,13.501993,47.33455,-0.9762033,-15.809935,-8.472807
0.99,57.074196,13.143942,47.9697,-0.78917664,-15.772819,-8.119341
0.992,58.530697,12.826175,48.58415,-0.5896803,-15.740663,-7.752106
0.994,60.014324,12.55681,49.181763,-0.37758195,-15.713919,-7.370597
0.996,61.52736,12.34539,49.767273,-0.15253559,-15.692762,-6.9741664
0.998,63.07187,12.201041,50.34664,0.08605267,-15.676963,-6.5620894
1,64.65059,12.132586,50.927288,0.3389817,-15.666072,-6.133583
1.002,66.26534,12.150729,51.51787,0.60726416,-15.6593075,-5.687828
1.004,67.9147,12.269734,52.12771,0.8920632,-15.655655,-5.224079
1.006,69.59921,12.502685,52.76456,1.1946111,-15.653886,-4.741595
1.008,71.31329,12.864851,53.43669,1.51615,-15.652541,-4.2396307
1.01,73.058105,13.365814,54.156593,1.857776,-15.650172,-3.7174463
1.012,74.83835,14.01789,54.93197,2.2202885,-15.6454935,-3.174261
1.014,76.64482,14.853922,55.76503,2.604186,-15.637401,-2.6094413
1.016,78.47627,15.899994,56.657784,3.0095448,-15.625137,-2.0226047
1.018,80.33379,17.18267,57.610405,3.435949,-15.608336,-1.4135544
1.02,82.20958,18.735,58.621155,3.882483,-15.587039,-0.78209764
1.022,84.09816,20.596968,59.688126,4.3477764,-15.5616865,-0.12811375
1.024,85.97891,22.771904,60.79727,4.8299685,-15.532993,0.5485401
1.026,87.83771,25.273766,61.954353,5.3268714,-15.501635,1.2480431
1.028,89.642975,28.128933,63.161526,5.836008,-15.468098,1.9707761
1.03,91.39093,31.353167,64.42366,6.354702,-15.432236,2.717708
1.032,93.05385,34.9817,65.72351,6.8801756,-15.392761,3.4905963
1.034,94.565704,39.077637,67.01481,7.40975,-15.347018,4.2916174
1.036,95.95688,43.62691,68.32608,7.940956,-15.290834,5.123456
1.038,97.2307,48.609,69.70593,8.47124,-15.218936,5.9889765
1.04,98.35315,54.03415,71.166275,8.997938,-15.124435,6.8920784
1.042,99.27237,59.90949,72.72694,9.519169,-14.997952,7.839072
1.044,100.03036,66.205826,74.41447,10.034018,-14.827805,8.835842
1.046,100.702576,72.92719,76.17702,10.541135,-14.601471,9.887698
1.048,101.33494,80.03478,78.037636,11.03867,-14.305492,11.00127
1.05,101.81662,87.52513,80.02665,11.523987,-13.92623,12.183506
1.052,102.1727,95.363625,82.1484,11.992949,-13.451556,13.4398365
1.054,102.42474,103.50852,84.40823,12.439691,-12.8697605,14.7742
1.056,102.561966,111.88521,86.868484,12.856576,-12.169296,16.189009
1.058,102.58602,120.40423,89.59694,13.234936,-11.339361,17.682316
1.06,102.53724,129.01892,92.56109,13.564524,-10.369892,19.248363
1.062,102.49157,137.7643,95.56802,13.832707,-9.252439,20.875639
1.064,102.45941,146.41096,98.87638,14.023896,-7.9811673,22.542793
1.066,102.48103,154.78789,102.627335,14.114014,-6.5548587,24.226133
1.068,102.55866,162.78929,106.8694,14.070447,-4.974008,25.904392
1.07,102.71697,170.34106,111.522156,13.859199,-3.2434292,27.552124
1.072,103.04286,177.30508,116.52664,13.451559,-1.3619471,29.141682
1.074,103.65595,183.60371,121.80331,12.833087,0.68049717,30.653196
1.076,104.59224,189.17487,127.31557,11.996295,2.8998232,32.07749
1.078,105.91019,193.92763,133.03412,10.925491,5.282481,33.403625
1.08,107.664825,197.79314,138.893,9.609347,7.8343534,34.64569
1.082,109.93949,200.76897,144.78622,8.052983,10.561506,35.824993
1.084,112.746826,202.90067,150.57846,6.2799845,13.469227,36.96379
1.086,116.10492,204.19357,156.11662,4.326108,16.547459,38.102413
1.088,120.002235,204.66501,161.25648,2.2444143,19.77272,39.28315
1.09,124.39168,204.36543,165.85449,0.106971264,23.110014,40.535263
1.092,129.19926,203.36832,169.75812,-1.9818428,26.50822,41.86778
1.094,134.32599,201.75789,172.82433,-3.9511862,29.853872,43.122635
1.096,139.64673,199.62595,174.91547,-5.7361627,33.11448,44.20433
1.098,145.01863,197.06824,175.91325,-7.267074,36.192986,45.029713
1.1,150.2888,194.18068,175.7276,-8.488049,38.973976,45.480442
1.102,155.29172,191.05779,174.30563,-9.376418,41.35205,45.4266
1.104,159.85483,187.78519,171.63237,-9.946285,43.20894,44.73692
1.106,163.80911,184.43327,167.72946,-10.244537,44.42906,43.29143
1.108,166.9953,181.05821,162.65582,-10.342039,44.92045,41.003883
1.11,169.27028,177.70163,156.50621,-10.31596,44.6268,37.83777
1.112,170.5159,174.39038,149.4085,-10.240663,43.53533,33.80814
1.114,170.64558,171.13545,141.51837,-10.183551,41.67523,28.97724
1.116,169.60258,167.93924,133.01346,-10.203021,39.116364,23.468624
1.118,167.37099,164.79245,124.08301,-10.34504,35.96476,17.47356
1.12,163.96678,161.68541,114.91643,-10.638542,32.35428,11.232196
1.122,159.44409,158.60507,105.70529,-11.098631,28.42926,5.013952
1.124,153.90433,155.52281,96.63455,-11.733582,24.333433,-0.9001241
1.126,147.47018,152.42377,87.870834,-12.54649,20.192978,-6.2494593
1.128,140.28893,149.29868,79.55934,-13.535358,16.11488,-10.826623
1.13,132.53554,146.14003,71.81938,-14.680053,12.1912155,-14.493979
1.132,124.393906,142.94385,64.7413,-15.933359,8.521844,-17.18387
1.134,116.06317,139.74419,58.39376,-17.23943,5.167448,-18.921133
1.136,107.72871,136.55898,52.795597,-18.54153,2.1831036,-19.790148
1.138,99.57861,133.39511,47.945137,-19.779678,-0.38270664,-19.919601
1.14,91.75574,130.27069,43.817474,-20.888165,-2.4828691,-19.47864
1.142,84.40645,127.18576,40.386932,-21.808159,-4.085989,-18.638468
1.144,77.67841,124.1235,37.626846,-22.494762,-5.185362,-17.550146
1.146,71.59973,121.1389,35.42551,-22.929613,-5.7994328,-16.33706
1.148,66.219536,118.267944,33.668983,-23.077482,-5.948703,-15.009974
1.15,61.596603,115.50149,32.293293,-22.940125,-5.7669544,-13.694955
1.152,57.768867,112.82845,31.233276,-22.559143,-5.333189,-12.504057
1.154,54.666298,110.25989,30.429998,-21.988369,-4.7422123,-11.489962
1.156,52.202072,107.76289,29.897968,-21.279438,-4.111389,-10.684639
1.158,50.33091,105.33784,29.57456,-20.483238,-3.538146,-10.105234
1.16,49.127098,102.94264,29.410368,-19.650959,-3.1065416,-9.759744
1.162,48.495865,100.56424,29.394962,-18.833336,-2.8902006,-9.655738
1.164,48.35353,98.18904,29.520378,-18.081715,-2.943533,-9.795467
1.166,48.64786,95.82473,29.738968,-17.43908,-3.2956228,-10.161793
1.168,49.31006,93.47833,30.023773,-16.932415,-3.9476557,-10.714754
1.17,50.24406,91.113335,30.443789,-16.571419,-4.879249,-11.40687
1.172,51.34552,88.64665,31.15962,-16.353426,-6.056838,-12.189478
1.174,52.59059,86.24525,31.89674,-16.267517,-7.439723,-13.010656
1.176,53.928528,83.961426,32.588875,-16.297527,-8.982359,-13.81723
1.178,55.345116,81.77384,33.278244,-16.423372,-10.636817,-14.559095
1.18,56.799988,79.64989,34.0923,-16.621729,-12.355973,-15.194015
1.182,58.206253,77.63041,35.07623,-16.86697,-14.095234,-15.691322
1.184,59.477116,75.70419,36.251633,-17.132532,-15.813441,-16.033125
1.186,60.62074,73.86799,37.57022,-17.392916,-17.474566,-16.213413
1.188,61.614563,72.161545,38.972343,-17.624956,-19.049519,-16.236647
1.19,62.43649,70.60746,40.42847,-17.808302,-20.515823,-16.11496
1.192,63.039295,69.18384,41.931755,-17.925844,-21.856775,-15.865342
1.194,63.438507,67.859116,43.480984,-17.964405,-23.061365,-15.507066
1.196,63.62374,66.66752,45.070328,-17.915392,-24.124245,-15.05991
1.198,63.595173,65.63714,46.673088,-17.77473,-25.04512,-14.543383
1.2,63.36329,64.769646,48.263535,-17.542343,-25.82788,-13.976082
1.202,62.93589,64.05551,49.829014,-17.221464,-26.479631,-13.374918
1.204,62.31984,63.48419,51.357265,-16.817862,-27.009266,-12.753998
1.206,61.52104,63.044,52.84393,-16.338913,-27.42602,-12.123744
1.208,60.543106,62.721813,54.283806,-15.792635,-27.738382,-11.491286
1.21,59.386604,62.501686,55.668587,-15.186939,-27.953665,-10.861258
1.212,58.056984,62.36578,56.98527,-14.529098,-28.077541,-10.236259
1.214,56.56619,62.29819,58.22088,-13.825653,-28.11394,-9.617034
1.216,54.9262,62.286816,59.36525,-13.082344,-28.065102,-9.002775
1.218,53.150425,62.322323,60.410667,-12.3042965,-27.931934,-8.39163
1.22,51.25366,62.394653,61.350746,-11.496109,-27.714466,-7.781133
1.222,49.250526,62.49355,62.180275,-10.662093,-27.412373,-7.168824
1.224,47.155586,62.609108,62.895557,-9.8063965,-27.02539,-6.5525947
1.226,44.983315,62.732403,63.4952,-8.933151,-26.553783,-5.9310393
1.228,42.74776,62.85621,63.980186,-8.046537,-25.9986,-5.3036366
1.23,40.46,62.97281,64.35397,-7.150715,-25.361816,-4.6707845
1.232,38.12907,63.072216,64.621284,-6.2497854,-24.64631,-4.0336266
1.234,35.764107,63.145172,64.786476,-5.347657,-23.85571,-3.3938453
1.236,33.37375,63.185444,64.85298,-4.448161,-22.994411,-2.7532504
1.238,30.965984,63.188866,64.823715,-3.5550432,-22.067694,-2.1135306
1.24,28.548477,63.151794,64.701385,-2.6720295,-21.081678,-1.4760642
1.242,26.128553,63.071625,64.48843,-1.8028603,-20.043268,-0.8417932
1.244,23.712852,62.946922,64.188255,-0.95137024,-18.960178,-0.21126515
1.246,21.30738,62.777267,63.805157,-0.12152338,-17.840914,0.41536874
1.248,18.91723,62.563118,63.344234,0.6825566,-16.694633,1.0381166
1.25,16.547749,62.305305,62.810436,1.4565749,-15.530998,1.6569773
1.252,14.2039585,62.005142,62.208393,2.1961641,-14.35992,2.2718058
1.254,11.890829,61.663345,61.54281,2.8970003,-13.191298,2.8822005
1.256,9.610592,61.28453,60.81767,3.554935,-12.034669,3.4874606
1.258,7.366976,60.86984,60.037437,4.16617,-10.898872,4.086582
1.26,5.161932,60.42132,59.20542,4.7273803,-9.791728,4.678318
1.262,2.9974346,59.940163,58.3241,5.2358556,-8.719818,5.2612386
1.264,0.8745289,59.42882,57.3947,5.689542,-7.6883864,5.8337755
1.266,-1.2050772,58.889698,56.418808,6.087053,-6.701349,6.3942657
1.268,-3.2401342,58.32529,55.39888,6.427697,-5.7612977,6.940932
1.27,-5.2289295,57.738255,54.337254,6.711337,-4.869732,7.471853
1.272,-7.1690493,57.131443,53.23655,6.9383516,-4.027335,7.98491
1.274,-9.05794,56.507755,52.09997,7.1096296,-3.2341254,8.477706
1.276,-10.892934,55.869423,50.9313,7.226489,-2.489676,8.947595
1.278,-12.670945,55.217823,49.73367,7.290715,-1.7933273,9.391705
1.28,-14.39068,54.554436,48.51104,7.3045206,-1.1442039,9.80706
1.282,-16.050423,53.88117,47.266266,7.2706037,-0.5412576,10.190776
1.284,-17.64723,53.19871,46.003113,7.1921415,0.01678288,10.540408
1.286,-19.177881,52.507965,44.725124,7.072777,0.5313915,10.853836
1.288,-20.639786,51.810303,43.435368,6.916609,1.0043685,11.129606
1.29,-22.029541,51.10712,42.136154,6.7281294,1.4379809,11.367282
1.292,-23.343431,50.400196,40.82935,6.512252,1.8350699,11.567366
1.294,-24.57803,49.691082,39.515804,6.2742133,2.1990612,11.731325
1.296,-25.729797,48.981636,38.196083,6.019496,2.5339122,11.8613825
1.298,-26.7946,48.273643,36.869995,5.753709,2.844068,11.960337
1.3,-27.768333,47.5691,35.53654,5.482456,3.1344051,12.031316
1.302,-28.647814,46.870308,34.193775,5.211126,3.4100053,12.077476
1.304,-29.430082,46.179287,32.839336,4.9448457,3.6759968,12.101752
1.306,-30.112886,45.498,31.469849,4.6882935,3.9374008,12.106615
1.308,-30.693901,44.8282,30.081337,4.4456453,4.1988864,12.094042
1.31,-31.171923,44.172092,28.668869,4.2205963,4.464687,12.065644
1.312,-31.546053,43.531982,27.227356,4.0163326,4.7383013,12.022694
1.314,-31.816223,42.90977,25.75132,3.8353283,5.0221686,11.9660225
1.316,-31.98351,42.307617,24.235683,3.679401,5.317603,11.896145
1.318,-32.049465,41.72712,22.67567,3.5497732,5.6247087,11.813228
1.32,-32.01711,41.169716,21.067322,3.4470756,5.9423347,11.717089
1.322,-31.89018,40.636715,19.40789,3.3713217,6.268024,11.607143
1.324,-31.673767,40.1287,17.695786,3.3219812,6.598195,11.482449
1.326,-31.373747,39.645752,15.931253,3.297998,6.928278,11.341715
1.328,-30.99732,39.187237,14.115854,3.297742,7.2528787,11.183345
1.33,-30.552471,38.752403,12.252755,3.3190048,7.565951,11.005484
1.332,-30.047947,38.339928,10.34713,3.3591132,7.8610973,10.806223
1.334,-29.49271,37.948044,8.405924,3.4149594,8.131604,10.583686
1.336,-28.895697,37.574173,6.437871,3.4830654,8.370679,10.336253
1.338,-28.26617,37.215523,4.453124,3.5597365,8.571638,10.062569
1.34,-27.613432,36.869137,2.4630995,3.6411529,8.72798,9.7618885
1.342,-26.946407,36.531708,0.48042214,3.7234948,8.833479,9.433898
1.344,-26.273289,36.199944,-1.4810352,3.803141,8.882331,9.078601
1.346,-25.601696,35.87066,-3.406232,3.876696,8.869226,8.696471
1.348,-24.938393,35.54039,-5.279694,3.9411006,8.789587,8.288452
1.35,-24.289436,35.206566,-7.0856957,3.993748,8.639807,7.8559732
1.352,-23.660007,34.866615,-8.80825,4.032532,8.417417,7.4008536
1.354,-23.053732,34.51824,-10.432063,4.0558968,8.121336,6.925307
1.356,-22.47337,34.15957,-11.942739,4.062914,7.7520633,6.431901
1.358,-21.920803,33.78894,-13.326436,4.053249,7.3117666,5.9235063
1.36,-21.397635,33.405594,-14.571106,4.027221,6.804335,5.403238
1.362,-20.90497,33.00894,-15.666173,3.9857283,6.2353373,4.8742905
1.364,-20.443022,32.59961,-16.603153,3.9301994,5.6118584,4.3398113
1.366,-20.009338,32.175385,-17.376041,3.862618,4.9424167,3.8029108
1.368,-19.603165,31.738182,-17.981583,3.7856574,4.236828,3.2668302
1.37,-19.221775,31.289204,-18.418385,3.7024074,3.5058293,2.7347524
1.372,-18.862236,30.830318,-18.6876,3.6162505,2.7607803,2.2098703
1.374,-18.520826,30.363031,-18.792494,3.530725,2.0133648,1.6953717
1.376,-18.194088,29.889318,-18.738956,3.449357,1.2752063,1.1943957
1.378,-17.878134,29.411469,-18.535337,3.375536,0.5575466,0.709991
1.38,-17.569069,28.931648,-18.191414,3.3123274,-0.1291256,0.24502927
1.382,-17.263098,28.451797,-17.718727,3.2624187,-0.7754079,-0.19782746
1.384,-16.956902,27.974083,-17.13042,3.2280352,-1.373243,-0.61621475
1.386,-16.647045,27.500751,-16.441101,3.2107892,-1.9161997,-1.0081676
1.388,-16.330412,27.034264,-15.665753,3.2116764,-2.3995662,-1.3722049
1.39,-16.002155,26.576324,-14.820567,3.2311018,-2.820469,-1.7074155
1.392,-15.658674,26.128162,-13.92072,3.2688963,-3.177847,-2.0134635
1.394,-15.297497,25.691992,-12.98176,3.3243933,-3.472318,-2.2905588
1.396,-14.916554,25.269516,-12.018444,3.3964376,-3.7060485,-2.5394216
1.398,-14.513382,24.861965,-11.04427,3.4834466,-3.882556,-2.761273
1.4,-14.086376,24.470331,-10.071377,3.5835152,-4.0064163,-2.95773
1.402,-13.634739,24.095623,-9.110815,3.6944942,-4.0829983,-3.1307805
1.404,-13.157442,23.738775,-8.171798,3.8140936,-4.118212,-3.2826476
1.406,-12.653645,23.400269,-7.2621956,3.9399772,-4.118208,-3.4156733
1.408,-12.123995,23.080645,-6.388465,4.0698338,-4.08919,-3.5322626
1.41,-11.569299,22.780338,-5.5553,4.2014804,-4.0371475,-3.6347854
1.412,-10.989917,22.49919,-4.76601,4.3329287,-3.9676988,-3.7255087
1.414,-10.3871,22.237543,-4.022668,4.462436,-3.885953,-3.8065238
1.416,-9.76206,21.995237,-3.325829,4.5885777,-3.7963672,-3.8797202
1.418,-9.116721,21.7724,-2.6746886,4.7102685,-3.7026973,-3.946764
1.42,-8.453625,21.56905,-2.0675452,4.826759,-3.607985,-4.009103
1.422,-7.774961,21.38485,-1.5017905,4.9376125,-3.5145843,-4.06799
1.424,-7.0830173,21.21944,-0.97412133,5.042667,-3.4242287,-4.1244845
1.426,-6.380148,21.07247,-0.48109078,5.1420135,-3.3380446,-4.17947
1.428,-5.668599,20.943626,-0.018712997,5.2359567,-3.256645,-4.233659
1.43,-4.9503684,20.832554,0.41691995,5.324937,-3.1802595,-4.287629
1.432,-4.227452,20.738731,0.8295057,5.4094934,-3.1088204,-4.341824
1.434,-3.5018167,20.661858,1.2228028,5.4902153,-3.0420573,-4.3965745
1.436,-2.7756853,20.601341,1.6001083,5.5677047,-2.9795833,-4.452082
1.438,-2.0505319,20.556719,1.9647155,5.642538,-2.9209473,-4.508461
1.44,-1.3280449,20.527489,2.3195891,5.7152624,-2.8656895,-4.565733
1.442,-0.609416,20.513166,2.667594,5.7863665,-2.8133903,-4.6238585
1.444,0.10438728,20.513002,3.0110621,5.856269,-2.7637138,-4.682769
1.446,0.8123088,20.52648,3.3520741,5.925348,-2.7164009,-4.742367
1.448,1.5135996,20.552902,3.692337,5.993912,-2.6713123,-4.8025866
1.45,2.207852,20.591484,4.0331273,6.062197,-2.6284084,-4.863407
1.452,2.8946931,20.641535,4.375432,6.130387,-2.587737,-4.9248676
1.454,3.5736532,20.70245,4.719785,6.1985784,-2.5494518,-4.987057
1.456,4.244552,20.773571,5.0665545,6.266816,-2.5137858,-5.0501027
1.458,4.9074407,20.853975,5.415968,6.335033,-2.4810655,-5.114161
1.46,5.5624437,20.942575,5.768243,6.403084,-2.4516492,-5.1794076
1.462,6.209487,21.038137,6.1233525,6.47076,-2.425922,-5.246026
1.464,6.848769,21.13958,6.4809933,6.5377946,-2.4042525,-5.314166
1.466,7.4804063,21.245668,6.841,6.603895,-2.3869793,-5.3839335
1.468,8.104418,21.355219,7.202642,6.6687894,-2.3743496,-5.455398
1.47,8.720936,21.46706,7.5651617,6.732249,-2.3664923,-5.528572
1.472,9.330049,21.57991,7.9277673,6.794141,-2.363399,-5.6034126
1.474,9.9314375,21.692747,8.289398,6.854427,-2.3648934,-5.679801
1.476,10.525002,21.804348,8.648827,6.9131637,-2.3706517,-5.7575445
1.478,11.110397,21.913424,9.004771,6.9704723,-2.3801975,-5.8363533
1.48,11.687303,22.018528,9.35581,7.026486,-2.392974,-5.9158735
1.482,12.255189,22.118158,9.700354,7.0812807,-2.4084167,-5.995698
1.484,12.813146,22.210798,10.036687,7.1348453,-2.4260151,-6.0754037
1.486,13.360365,22.294792,10.363096,7.1869802,-2.4453783,-6.154609
1.488,13.895811,22.368364,10.67793,7.237256,-2.4662857,-6.2329707
1.49,14.4181185,22.42986,10.97937,7.284998,-2.4886715,-6.310155
1.492,14.925659,22.47768,11.26579,7.329293,-2.5126252,-6.385872
1.494,15.416938,22.510212,11.535839,7.3690004,-2.5383515,-6.4599085
1.496,15.890076,22.525856,11.788059,7.402842,-2.5661757,-6.5321226
1.498,16.34323,22.523281,12.021606,7.429442,-2.5965555,-6.6024847
1.5,16.774567,22.501286,12.235677,7.447395,-2.6300926,-6.6710753
1.502,17.18217,22.45866,12.429777,7.4553432,-2.667523,-6.7380857
1.504,17.564241,22.3947,12.603657,7.45206,-2.70971,-6.8037696
1.506,17.91899,22.308678,12.757219,7.4364634,-2.757595,-6.8684115
1.508,18.245125,22.200293,12.8908825,7.407658,-2.812155,-6.9322677
1.51,18.54104,22.069641,13.005128,7.364954,-2.874289,-6.9954634
1.512,18.80589,21.91695,13.100751,7.3078904,-2.9447167,-7.057942
1.514,19.038746,21.742859,13.178698,7.2362275,-3.023899,-7.1193824
1.516,19.239067,21.54823,13.239858,7.1498985,-3.1119604,-7.179218
1.518,19.406841,21.334156,13.28532,7.0490503,-3.208633,-7.236724
1.52,19.542093,21.101957,13.316119,6.9340186,-3.313218,-7.2910924
1.522,19.645344,20.853092,13.333311,6.805334,-3.424685,-7.341496
1.524,19.717262,20.58926,13.337565,6.663672,-3.5417557,-7.387222
1.526,19.759054,20.312405,13.329644,6.509813,-3.662997,-7.427749
1.528,19.771927,20.024254,13.310097,6.344614,-3.7869716,-7.4628515
1.53,19.757742,19.72678,13.279369,6.168963,-3.912339,-7.492591
1.532,19.718374,19.421734,13.2378025,5.9837313,-4.037948,-7.51729
1.534,19.65572,19.111053,13.185605,5.789747,-4.1628947,-7.537476
1.536,19.57173,18.796423,13.123109,5.587748,-4.286509,-7.5537615
1.538,19.468336,18.479603,13.050402,5.3784113,-4.4082823,-7.5667458
1.54,19.347832,18.161905,12.967611,5.162325,-4.527894,-7.5769157
1.542,19.212194,17.844696,12.875107,4.940031,-4.6451397,-7.584675
1.544,19.063484,17.529308,12.773,4.712045,-4.759902,-7.5903378
1.546,18.903927,17.216904,12.661647,4.478914,-4.872078,-7.5940757
1.548,18.735445,16.908394,12.541332,4.241287,-4.9815063,-7.5959325
1.55,18.560093,16.60456,12.412355,3.999926,-5.0878754,-7.595829
1.552,18.379566,16.306225,12.275106,3.7557616,-5.1906667,-7.5936065
1.554,18.19562,16.014114,12.129959,3.5098753,-5.289153,-7.5890536
1.556,18.009926,15.728792,11.977371,3.2634888,-5.382423,-7.581915
1.558,17.823965,15.450863,11.817743,3.017898,-5.4694123,-7.5719233
1.56,17.639175,15.180753,11.651758,2.7744074,-5.548965,-7.558799
1.562,17.456884,14.918835,11.480209,2.5342917,-5.6199102,-7.542258
1.564,17.278446,14.66526,11.303989,2.2986894,-5.681145,-7.5220118
1.566,17.10473,14.420155,11.123889,2.0685263,-5.7317147,-7.497729
1.568,16.936785,14.18397,10.940723,1.8445034,-5.7709036,-7.46909
1.57,16.775192,13.956997,10.755161,1.6270571,-5.7982593,-7.435711
1.572,16.620892,13.739576,10.568032,1.4163703,-5.813653,-7.3971915
1.574,16.474266,13.531556,10.3801775,1.2123622,-5.8172884,-7.3531404
1.576,16.33571,13.333033,10.19248,1.0147634,-5.809646,-7.303225
1.578,16.205524,13.14369,10.00581,0.82319367,-5.7913966,-7.2472124
1.58,16.083836,12.963207,9.821243,0.63723445,-5.7633533,-7.184993
1.582,15.970549,12.791465,9.639486,0.45651194,-5.7263393,-7.116572
1.584,15.865634,12.628086,9.461348,0.2807676,-5.681096,-7.042097
1.586,15.768986,12.472699,9.287619,0.109907925,-5.6282177,-6.9618707
1.588,15.680325,12.325109,9.118969,-0.05598575,-5.5680723,-6.8762918
1.59,15.599515,12.185104,8.955982,-0.21659768,-5.500777,-6.785842
1.592,15.526058,12.05245,8.799266,-0.37143886,-5.4262304,-6.6910458
1.594,15.459801,11.926819,8.649242,-0.5198424,-5.344097,-6.5924315
1.596,15.400276,11.807943,8.5063095,-0.66099226,-5.253902,-6.4904866
1.598,15.347204,11.695578,8.3707695,-0.79403466,-5.1551003,-6.3856425
1.6,15.300253,11.589241,8.242701,-0.91813064,-5.047182,-6.2782974
1.602,15.259214,11.488701,8.122241,-1.0325125,-4.9297256,-6.1688457
1.604,15.223692,11.393427,8.009191,-1.1365368,-4.802525,-6.0577254
1.606,15.193411,11.303026,7.9033446,-1.2297287,-4.66561,-5.9454083
1.608,15.168179,11.216907,7.8042865,-1.3117988,-4.519247,-5.832462
1.61,15.14768,11.134436,7.711685,-1.3826504,-4.3639216,-5.719518
1.612,15.131781,11.055204,7.625111,-1.4423535,-4.20033,-5.607266
1.614,15.120108,10.978579,7.544174,-1.4911393,-4.0293097,-5.4964666
1.616,15.112612,10.904151,7.468453,-1.5293425,-3.8517618,-5.3878527
1.618,15.1088505,10.8313465,7.3972745,-1.5573753,-3.668587,-5.28212
1.62,15.108629,10.75976,7.3302336,-1.5756788,-3.4805908,-5.179862
1.622,15.111753,10.68895,7.266924,-1.5846972,-3.288468,-5.081542
1.624,15.118005,10.618596,7.2067356,-1.5848643,-3.0927613,-4.987462
1.626,15.127204,10.548378,7.149316,-1.5765657,-2.8938582,-4.897774
1.628,15.139161,10.478158,7.094195,-1.5601383,-2.6919744,-4.8124547
1.63,15.153662,10.407838,7.0408072,-1.5358771,-2.4871984,-4.731396
1.632,15.170691,10.337329,6.9887056,-1.5040284,-2.2795408,-4.6544056
1.634,15.19018,10.266499,6.9373684,-1.4647955,-2.0689707,-4.581245
1.636,15.211889,10.195198,6.886202,-1.4183772,-1.855471,-4.5116987
1.638,15.235894,10.123615,6.8345304,-1.3649566,-1.6391109,-4.445584
1.64,15.261961,10.051687,6.781708,-1.3047183,-1.4200393,-4.38278
1.642,15.289984,9.979614,6.7269607,-1.2378578,-1.1985054,-4.3231955
1.644,15.319988,9.907476,6.6696553,-1.1645905,-0.9749002,-4.2667933
1.646,15.3519,9.835427,6.6089597,-1.085191,-0.74977195,-4.213586
1.648,15.385572,9.763602,6.5442944,-0.99999094,-0.5238292,-4.1636024
1.65,15.420975,9.692302,6.475,-0.90939486,-0.29789495,-4.116877
1.652,15.458065,9.621601,6.400464,-0.81386244,-0.07289672,-4.073463
1.654,15.496633,9.551599,6.320417,-0.71391314,0.15012205,-4.033383
1.656,15.536579,9.482388,6.234352,-0.6101222,0.37006474,-3.996644
1.658,15.577757,9.41401,6.1420536,-0.50311446,0.5858182,-3.9632044
1.66,15.619892,9.346563,6.043536,-0.39354002,0.796262,-3.9329903
1.662,15.662879,9.280049,5.9386554,-0.28207827,1.0003119,-3.9058867
1.664,15.706379,9.214466,5.8276334,-0.16940784,1.1969504,-3.88175
1.666,15.750228,9.149783,5.7107286,-0.056203663,1.3852546,-3.860394
1.668,15.794284,9.085869,5.588182,0.05687487,1.5644113,-3.8415961
1.67,15.838219,9.022651,5.4604697,0.16921282,1.7337317,-3.8251426
1.672,15.881792,8.959975,5.3278294,0.28024417,1.8926623,-3.8108058
1.674,15.924654,8.897879,5.19066,0.3894866,2.0407705,-3.7983785
1.676,15.966879,8.836266,5.049439,0.49652886,2.1777565,-3.7876651
1.678,16.00802,8.77501,4.90465,0.60105914,2.3034377,-3.7784781
1.68,16.048014,8.7141485,4.75679,0.7028538,2.417732,-3.7706578
1.682,16.086548,8.653487,4.606429,0.8017755,2.5206246,-3.7640724
1.684,16.123491,8.593063,4.454138,0.8977393,2.6121767,-3.7585921
1.686,16.158733,8.532644,4.300446,0.9907364,2.6925051,-3.7540894
1.688,16.192213,8.472344,4.1460595,1.0807836,2.7617621,-3.7504811
1.69,16.223671,8.412048,3.991479,1.1679417,2.8201392,-3.7476854
1.692,16.253162,8.351625,3.83745,1.252272,2.8678513,-3.7456374
1.694,16.280525,8.291013,3.6845121,1.3338273,2.905117,-3.7442663
1.696,16.305609,8.230294,3.533379,1.4126339,2.9321575,-3.7435389
1.698,16.3285,8.169351,3.384591,1.4887046,2.9492042,-3.743421
1.7,16.349022,8.10827,3.2387948,1.5620072,2.956501,-3.743886
1.702,16.367344,8.0471325,3.096466,1.6324673,2.9542851,-3.7449145
1.704,16.383425,7.985979,2.9581547,1.6999726,2.9427834,-3.7464883
1.706,16.397263,7.9249353,2.8244405,1.7643692,2.9222236,-3.748573
1.708,16.408981,7.864112,2.695856,1.8254614,2.8928504,-3.7511246
1.71,16.418604,7.803611,2.5728178,1.883041,2.8549328,-3.7540786
1.712,16.426325,7.743515,2.4556727,1.936918,2.8087702,-3.7573693
1.714,16.432175,7.6839237,2.344922,1.9869115,2.7547064,-3.7608955
1.716,16.43641,7.6250286,2.2409525,2.0328856,2.6931345,-3.7645411
1.718,16.439013,7.5669518,2.143992,2.0747561,2.624526,-3.76818
1.72,16.440022,7.509842,2.0541868,2.1125154,2.549422,-3.7716656
1.722,16.439615,7.453868,1.9716377,2.146233,2.4684384,-3.774848
1.724,16.437899,7.399184,1.8963513,2.1760397,2.3822474,-3.777575
1.726,16.435081,7.345871,1.8282075,2.2021499,2.2915792,-3.779715
1.728,16.431227,7.294227,1.7670763,2.2248359,2.1972075,-3.781146
1.73,16.426424,7.24424,1.7126162,2.2444324,2.0999148,-3.7817702
1.732,16.420742,7.196197,1.6645555,2.2612991,2.0004787,-3.7815347
1.734,16.414356,7.1500463,1.6225502,2.2758296,1.8996634,-3.7804036
1.736,16.407295,7.105996,1.5861783,2.2884197,1.7981751,-3.7783706
1.738,16.399704,7.064104,1.5548997,2.2994542,1.6966541,-3.7754369
1.74,16.391638,7.024457,1.5282888,2.3092592,1.5956614,-3.7716358
1.742,16.383184,6.987095,1.5059211,2.3181233,1.4956445,-3.766985
1.744,16.374313,6.952046,1.4873371,2.3262517,1.3969309,-3.7615323
1.746,16.365292,6.91932,1.4721069,2.3337855,1.29972,-3.7553458
1.748,16.355988,6.8888397,1.4599168,2.3407788,1.2040634,-3.7485256
1.75,16.346619,6.8605375,1.4503655,2.3472226,1.109893,-3.7411854
1.752,16.337204,6.8343544,1.4431732,2.3530343,1.0170337,-3.7334518
1.754,16.327759,6.8103533,1.4381347,2.358085,0.92520666,-3.7254698
1.756,16.318323,6.78844,1.4350691,2.362198,0.83409333,-3.7173867
1.758,16.309095,6.7686243,1.4339247,2.3651838,0.7433641,-3.7093387
1.76,16.299835,6.750746,1.4344966,2.3668551,0.65273786,-3.7014189
1.762,16.290716,6.7348156,1.4368045,2.3670323,0.56199837,-3.6936781
1.764,16.281796,6.720771,1.4408243,2.3655791,0.47103286,-3.6861234
1.766,16.273016,6.7086387,1.4465942,2.362401,0.3798573,-3.678708
1.768,16.26451,6.698322,1.4542847,2.3574681,0.28859735,-3.6713486
1.77,16.256336,6.6897917,1.463789,2.350828,0.19751406,-3.6639223
1.772,16.248528,6.683031,1.4750545,2.342579,0.1069392,-3.6562939
1.774,16.24114,6.6780376,1.4880805,2.3328886,0.017259955,-3.6483293
1.776,16.23435,6.6747785,1.5027206,2.3219912,-0.071073055,-3.6399004
1.778,16.228079,6.6733265,1.5188937,2.310172,-0.15764391,-3.6309056
1.78,16.222527,6.6736555,1.5363195,2.2977428,-0.24203682,-3.6212704
1.782,16.217905,6.6757426,1.5548038,2.285032,-0.3239063,-3.6109512
1.784,16.21439,6.679553,1.5741239,2.272392,-0.40293896,-3.5999284
1.786,16.21195,6.685221,1.5938144,2.2601693,-0.47889018,-3.5881963
1.788,16.21089,6.69265,1.6135676,2.2486706,-0.5515913,-3.5757558
1.79,16.21137,6.7017417,1.6330023,2.2381854,-0.6209105,-3.5626311
1.792,16.213594,6.712633,1.651659,2.2289672,-0.68680596,-3.5488603
1.794,16.217815,6.7251997,1.6692593,2.2212374,-0.74927604,-3.5344732
1.796,16.224195,6.739398,1.6853654,2.2151475,-0.80835533,-3.5195274
1.798,16.23304,6.755147,1.699646,2.210802,-0.86413133,-3.504077
1.8,16.244545,6.7724237,1.7117734,2.2082555,-0.91673124,-3.4881992
1.802,16.258913,6.791169,1.7214367,2.2074919,-0.96634185,-3.4719937
1.804,16.276365,6.811418,1.7285025,2.2084463,-1.0132036,-3.4555895
1.806,16.297127,6.8330383,1.7327032,2.211008,-1.0576141,-3.43914
1.808,16.321367,6.855939,1.7339745,2.2150254,-1.0999069,-3.4228096
1.81,16.349262,6.880043,1.7323139,2.2203085,-1.1404846,-3.4067729
1.812,16.381006,6.9052343,1.7277845,2.226637,-1.1797881,-3.3912067
1.814,16.416613,6.9315753,1.7204548,2.2337806,-1.2182696,-3.3762712
1.816,16.456186,6.9589157,1.7103776,2.2415135,-1.2563758,-3.3620934
1.818,16.499844,6.9872503,1.6976186,2.2495968,-1.294523,-3.3487468
1.82,16.547623,7.016401,1.6824542,2.2578278,-1.3330739,-3.3362718
1.822,16.599365,7.0465074,1.6649253,2.266015,-1.3723087,-3.3246613
1.824,16.655218,7.077549,1.6449882,2.2740107,-1.4124533,-3.313876
1.826,16.714798,7.1094666,1.6228282,2.2817023,-1.4536242,-3.3038325
1.828,16.778166,7.142216,1.5985627,2.289,-1.4958621,-3.2944474
1.83,16.845043,7.1760025,1.5722154,2.2958643,-1.5391523,-3.2856293
1.832,16.915352,7.210679,1.5437394,2.302289,-1.5834057,-3.2772996
1.834,16.988857,7.2463164,1.5131791,2.3083003,-1.628521,-3.2694058
1.836,17.065182,7.2830086,1.4806261,2.31394,-1.6743654,-3.2619355
1.838,17.144106,7.3206224,1.4460714,2.319257,-1.7208166,-3.2548838
1.84,17.225452,7.3591013,1.4094727,2.3243175,-1.7677536,-3.2482622
1.842,17.308884,7.398352,1.3705578,2.3291962,-1.8150595,-3.2421153
1.844,17.393917,7.4385314,1.3292526,2.333951,-1.8626568,-3.236476
1.846,17.480307,7.479613,1.285467,2.3386357,-1.9104602,-3.2313936
1.848,17.567755,7.5215592,1.2391021,2.3432994,-1.9584057,-3.2269013
1.85,17.656029,7.5643487,1.1898232,2.3479798,-2.0064266,-3.2230132
1.852,17.74474,7.6079197,1.1373525,2.3527203,-2.0544596,-3.2197218
1.854,17.833675,7.652337,1.0815196,2.3575552,-2.1024413,-3.2170057
1.856,17.922338,7.6975546,1.0221863,2.3625267,-2.15029,-3.2148309
1.858,18.010582,7.74355,0.9591773,2.3676672,-2.1979434,-3.2131524
1.86,18.098143,7.7902136,0.8924843,2.3730044,-2.2453387,-3.2119257
1.862,18.184628,7.8374486,0.8220412,2.3785558,-2.2924457,-3.2111137
1.864,18.269823,7.8851914,0.74793386,2.384327,-2.3392267,-3.2106714
1.866,18.35351,7.933363,0.6702494,2.390295,-2.3856876,-3.2105556
1.868,18.43526,7.98181,0.589204,2.3964074,-2.4318812,-3.2107348
1.87,18.515059,8.030488,0.50515103,2.4025693,-2.4778984,-3.2112067
1.872,18.592361,8.079237,0.41851965,2.4086418,-2.5239294,-3.2120004
1.874,18.667124,8.127823,0.32963857,2.414427,-2.5702415,-3.2131977
1.876,18.739107,8.176151,0.2391935,2.4197104,-2.6171756,-3.2149484
1.878,18.807972,8.223979,0.14762086,2.4242485,-2.6651187,-3.2174554
1.88,18.873568,8.271193,0.05563432,2.427808,-2.7145002,-3.2209609
1.882,18.935661,8.317493,-0.036123574,2.4301891,-2.7657,-3.2257125
1.884,18.99421,8.362705,-0.1271249,2.4312274,-2.8190372,-3.2319322
1.886,19.048798,8.4066925,-0.2166642,2.4308093,-2.8746984,-3.2397435
1.888,19.099485,8.449183,-0.30417204,2.4289093,-2.9327054,-3.2491548
1.89,19.14614,8.490063,-0.3891071,2.4255614,-2.99291,-3.2600467
1.892,19.188517,8.529222,-0.47098267,2.4208586,-3.0549839,-3.2721798
1.894,19.226555,8.566377,-0.5494869,2.414947,-3.118451,-3.2851987
1.896,19.260387,8.60149,-0.6242964,2.408013,-3.1827135,-3.298653
1.898,19.289879,8.634516,-0.69531953,2.4002852,-3.2471056,-3.3120718
1.9,19.314968,8.665453,-0.7624688,2.3919947,-3.3109515,-3.324976
1.902,19.335804,8.694305,-0.82582676,2.3834002,-3.3736093,-3.336945
1.904,19.352335,8.721328,-0.88552463,2.374775,-3.4344919,-3.3476195
1.906,19.364536,8.746622,-0.9417865,2.3663855,-3.4931,-3.3567183
1.908,19.372526,8.770329,-0.9949391,2.3585136,-3.5490117,-3.3640368
1.91,19.376495,8.792741,-1.0453508,2.351444,-3.6019008,-3.3694174
1.912,19.376629,8.814114,-1.09337,2.3454618,-3.6514864,-3.3727548
1.914,19.372877,8.834616,-1.1395378,2.340858,-3.697596,-3.3739789
1.916,19.365665,8.854601,-1.1841841,2.3379054,-3.7401087,-3.3730376
1.918,19.355057,8.874455,-1.2277,2.3368556,-3.778951,-3.3699198
1.92,19.341354,8.894415,-1.2705982,2.3379424,-3.8141026,-3.3646271
1.922,19.324726,8.914826,-1.313153,2.341372,-3.8455684,-3.357158
1.924,19.305492,8.935986,-1.3556135,2.3473237,-3.8733873,-3.3475251
1.926,19.283852,8.95821,-1.39821,2.3559437,-3.8975866,-3.33573
1.928,19.260038,8.981797,-1.4410768,2.3673313,-3.9182234,-3.3217876
1.93,19.23447,9.007004,-1.4841926,2.3815486,-3.935368,-3.3057113
1.932,19.207449,9.033866,-1.527564,2.398612,-3.9491062,-3.2875397
1.934,19.179039,9.0626135,-1.5709155,2.4185083,-3.959535,-3.2673202
1.936,19.149847,9.093324,-1.6141684,2.4411678,-3.966776,-3.245124
1.938,19.119766,9.12614,-1.657089,2.4664993,-3.97095,-3.2210448
1.94,19.089111,9.160984,-1.6993389,2.4943995,-3.972184,-3.195185
1.942,19.057854,9.197916,-1.7407346,2.524734,-3.9705982,-3.1676476
1.944,19.02624,9.236811,-1.7809486,2.5573628,-3.9662895,-3.1385014
1.946,18.994333,9.277613,-1.8197632,2.5921497,-3.959344,-3.1077912
1.948,18.962181,9.320193,-1.8569188,2.628966,-3.9498053,-3.0755386
1.95,18.929817,9.36453,-1.892046,2.6677055,-3.9376793,-3.0417244
1.952,18.897095,9.410337,-1.9246998,2.7082791,-3.922944,-3.0063076
1.954,18.864107,9.457283,-1.9546638,2.7506304,-3.9055438,-2.9692404
1.956,18.830698,9.505243,-1.9817233,2.7947276,-3.8853972,-2.9304671
1.958,18.79673,9.553945,-2.0056143,2.8405623,-3.862406,-2.8899417
1.96,18.76204,9.603218,-2.0261292,2.8881636,-3.8364482,-2.8476267
1.962,18.726685,9.652831,-2.043148,2.9375691,-3.8073971,-2.8034816
1.964,18.69042,9.702589,-2.0565376,2.9888353,-3.7751126,-2.7574725
1.966,18.653297,9.752344,-2.066348,3.0420327,-3.739452,-2.7095454
1.968,18.615091,9.802024,-2.0726185,3.0972161,-3.7002628,-2.6596446
1.97,18.57583,9.8515215,-2.0754738,3.154459,-3.6573925,-2.6076965
1.972,18.53555,9.900755,-2.0749235,3.213829,-3.6107183,-2.5535998
1.974,18.494202,9.949669,-2.0712032,3.2753894,-3.5601192,-2.4972482
1.976,18.451809,9.99832,-2.0642605,3.3391786,-3.505496,-2.438558
1.978,18.408558,10.046721,-2.054338,3.4052365,-3.4467885,-2.3774366
1.98,18.364428,10.094961,-2.0414686,3.4735885,-3.3839655,-2.3138323
1.982,18.319721,10.143199,-2.0258737,3.5442357,-3.3170338,-2.2477407
1.984,18.274544,10.191479,-2.0074477,3.617178,-3.2460802,-2.1791966
1.986,18.229172,10.239908,-1.9862971,3.6924078,-3.1712348,-2.1082973
1.988,18.18379,10.288546,-1.962399,3.7699127,-3.092709,-2.035212
1.99,18.138699,10.337577,-1.9356637,3.849709,-3.0107806,-1.9601376
1.992,18.094145,10.387045,-1.9059396,3.9317813,-2.9257903,-1.8833163
1.994,18.05033,10.4370985,-1.8729372,4.0160966,-2.8381612,-1.8050065
1.996,18.00763,10.487702,-1.8364654,4.1025925,-2.748345,-1.7254378
1.998,17.966295,10.5389595,-1.7961783,4.1911755,-2.6568365,-1.6448084
2,17.926525,10.590788,-1.7517786,4.2816696,-2.5641055,-1.5632639
2.002,17.888718,10.643228,-1.7028747,4.373829,-2.4706113,-1.4808794
2.004,17.852943,10.6962185,-1.6490402,4.4673433,-2.3767583,-1.3976525
2.006,17.819275,10.749573,-1.5897784,4.5618515,-2.2828703,-1.313524
2.008,17.787937,10.803143,-1.5246978,4.6569557,-2.1891854,-1.2283647
2.01,17.758907,10.856814,-1.4533353,4.75224,-2.0958474,-1.1420269
2.012,17.732002,10.9101925,-1.375237,4.847316,-2.0029087,-1.0543437
2.014,17.707077,10.963135,-1.290061,4.9418306,-1.9103408,-0.96515846
2.016,17.683968,11.015423,-1.1974516,5.0354943,-1.8180654,-0.8743353
2.018,17.662373,11.066943,-1.0970335,5.1280975,-1.7259518,-0.78178406
2.02,17.642025,11.117291,-0.98850965,5.219503,-1.6338348,-0.6874356
2.022,17.622467,11.166265,-0.8716264,5.309674,-1.5415131,-0.59124255
2.024,17.603453,11.213752,-0.7461176,5.3986177,-1.4487971,-0.49318933
2.026,17.584381,11.259419,-0.6119056,5.48641,-1.3554826,-0.3932662
2.028,17.564672,11.303159,-0.4687686,5.5731535,-1.2613851,-0.29148507
2.03,17.543764,11.3449,-0.31659126,5.6589804,-1.1663189,-0.18781662
2.032,17.520985,11.384468,-0.1553464,5.7440133,-1.0701073,-0.08223486
2.034,17.49571,11.421713,0.015004158,5.828372,-0.972585,0.02529502
2.036,17.467491,11.45661,0.1945014,5.9121494,-0.8736141,0.13483
2.038,17.435392,11.489274,0.38311672,5.9953747,-0.77308834,0.24641848
2.04,17.398682,11.519822,0.5807204,6.0780354,-0.67094845,0.36011505
2.042,17.356586,11.548553,0.7873292,6.160065,-0.5671403,0.47598028
2.044,17.308844,11.575543,1.0027571,6.2413607,-0.46168387,0.5940604
2.046,17.254784,11.601104,1.2269392,6.32178,-0.3546216,0.7144065
2.048,17.194263,11.625486,1.4598341,6.4011793,-0.24601579,0.8370483
2.05,17.127096,11.648762,1.7011814,6.479372,-0.13598906,0.9619906
2.052,17.052834,11.671223,1.9509172,6.556178,-0.024675488,1.0892437
2.054,16.971191,11.693052,2.2087502,6.6314325,0.08774438,1.218816
2.056,16.882109,11.714397,2.4742842,6.704975,0.20107299,1.3506978
2.058,16.785627,11.735506,2.747106,6.7766614,0.31508034,1.484869
2.06,16.681732,11.756499,3.0267239,6.84634,0.42951497,1.6212847
2.062,16.570751,11.777482,3.312479,6.913878,0.5441042,1.759839
2.064,16.452894,11.798562,3.6036325,6.9791436,0.65854573,1.9003968
2.066,16.328747,11.81956,3.89929,7.041987,0.7725165,2.0428038
2.068,16.198961,11.840407,4.1984043,7.1022563,0.8857013,2.1868577
2.07,16.064205,11.860788,4.49997,7.1597805,0.9977857,2.3323078
2.072,15.925068,11.880669,4.802698,7.2143536,1.1084718,2.4788878
2.074,15.78252,11.899736,5.105235,7.2657514,1.2174776,2.626301
2.076,15.637221,11.917851,5.406191,7.3136888,1.3245069,2.7742357
2.078,15.4899845,11.9348,5.703933,7.3578477,1.4293067,2.922374
2.08,15.34151,11.950439,5.996786,7.3978996,1.5316517,3.0704212
2.082,15.192633,11.964622,6.282919,7.4335084,1.6313598,3.2181115
2.084,15.044087,11.977127,6.5604916,7.4643555,1.7282736,3.365191
2.086,14.896826,11.98789,6.8273897,7.4901433,1.8222401,3.5114236
2.088,14.751597,11.996831,7.081643,7.510599,1.9131238,3.6565752
2.09,14.608891,12.003887,7.321358,7.525462,2.000784,3.8003836
2.092,14.469107,12.009215,7.544477,7.534502,2.0850868,3.9425693
2.094,14.332377,12.013197,7.749068,7.537494,2.165857,4.082796
2.096,14.198449,12.016256,7.9333696,7.534199,2.2429004,4.2206817
2.098,14.067318,12.019061,8.095943,7.5243564,2.316013,4.3557878
2.1,13.938432,12.022128,8.235215,7.5076885,2.3849614,4.4876842
2.102,13.811202,12.02635,8.349921,7.4838924,2.4494753,4.6159177
2.104,13.684767,12.032419,8.438973,7.452663,2.5092351,4.740015
2.106,13.55779,12.041436,8.501611,7.4136934,2.5638545,4.859457
2.108,13.428987,12.054384,8.5373,7.3666997,2.6128492,4.973667
2.11,13.296807,12.072437,8.545952,7.3114524,2.6556268,5.082022
2.112,13.159382,12.096652,8.527754,7.247756,2.6914706,5.183811
2.114,13.014902,12.127995,8.483399,7.1755133,2.7195377,5.278279
2.116,12.861549,12.167396,8.413767,7.0946774,2.738875,5.364622
2.118,12.697232,12.215579,8.320147,7.00524,2.7484212,5.4419947
2.12,12.520096,12.2732525,8.2041,6.907232,2.7470608,5.5095315
2.122,12.328428,12.340771,8.067618,6.8006735,2.733603,5.566414
2.124,12.120467,12.418136,7.9128995,6.685539,2.7067912,5.6118917
2.126,11.894567,12.505302,7.742531,6.5617676,2.6653967,5.645293
2.128,11.64929,12.601747,7.55924,6.429227,2.6082742,5.6660633
2.13,11.383449,12.707024,7.3659616,6.2877784,2.5344296,5.6737957
2.132,11.096149,12.82013,7.1657333,6.1372347,2.442971,5.6682367
2.134,10.786867,12.93992,6.9617567,5.9774256,2.333208,5.649327
2.136,10.455308,13.064989,6.757349,5.808233,2.2046947,5.6171856
2.138,10.101755,13.193575,6.555644,5.62964,2.0572572,5.5721393
2.14,9.726666,13.323728,6.359988,5.4417377,1.8909535,5.514737
2.142,9.331028,13.453555,6.1734085,5.2448006,1.7061522,5.4457436
2.144,8.915691,13.581069,5.9989734,5.03925,1.5035008,5.3661165
2.146,8.482044,13.704091,5.839594,4.8256636,1.2838931,5.276982
2.148,8.031746,13.820537,5.6980805,4.6047807,1.0484612,5.1795907
2.15,7.5666757,13.928394,5.576883,4.3774853,0.79854476,5.0752907
2.152,7.088908,14.025558,5.4782047,4.1447973,0.53570104,4.9654984
2.154,6.6001368,14.110318,5.404021,3.9078588,0.26167387,4.851637
2.156,6.102623,14.180981,5.355957,3.667944,-0.021625549,4.7351246
2.158,5.598117,14.236138,5.3352427,3.42639,-0.31214052,4.6173368
2.16,5.088591,14.274727,5.343012,3.1846137,-0.60767627,4.4995804
2.162,4.576221,14.295684,5.3800793,2.9440567,-0.9059377,4.3830585
2.164,4.062849,14.298346,5.446814,2.7061684,-1.204577,4.2688217
2.166,3.5501125,14.282179,5.543545,2.4723816,-1.5011872,4.1577706
2.168,3.039315,14.2469635,5.6703215,2.2440684,-1.7933713,4.050641
2.17,2.531473,14.1927185,5.8267612,2.0225208,-2.0787735,3.9480274
2.172,2.0275617,14.11967,6.012232,1.8089166,-2.3551006,3.8504133
2.174,1.5282824,14.028374,6.225935,1.6042781,-2.6202128,3.7581496
2.176,1.0338409,13.919624,6.466925,1.4094636,-2.8721156,3.671521
2.178,0.54427695,13.794353,6.733927,1.2251747,-3.1089683,3.5907552
2.18,0.059276104,13.65386,7.0255723,1.0519397,-3.329192,3.5160837
2.182,-0.4219358,13.499634,7.3403387,0.8901007,-3.5314803,3.447703
2.184,-0.9001963,13.333377,7.676506,0.7398336,-3.7148077,3.3858109
2.186,-1.376306,13.156752,8.032192,0.60117066,-3.8783605,3.3305962
2.188,-1.8511877,12.971651,8.405307,0.47402048,-4.021562,3.2822416
2.19,-2.3260202,12.779942,8.793648,0.35820663,-4.1440196,3.2409785
2.192,-2.80212,12.583675,9.194813,0.25352895,-4.2454557,3.2070227
2.194,-3.2811575,12.385119,9.606273,0.15981698,-4.3256683,3.18058
2.196,-3.7645977,12.186615,10.025368,0.07692504,-4.384549,3.16184
2.198,-4.2537,11.990233,10.449628,0.0047883987,-4.422035,3.1509795
2.2,-4.749207,11.797828,10.876069,-0.056576848,-4.438082,3.1480932
2.202,-5.251715,11.610863,11.301759,-0.107094765,-4.432671,3.1532414
2.204,-5.76178,11.430874,11.723655,-0.14664197,-4.4058394,3.1663957
2.206,-6.2795243,11.259075,12.138507,-0.17506278,-4.357696,3.1874363
2.208,-6.8049917,11.096523,12.543068,-0.19223559,-4.2883825,3.2161727
2.21,-7.3376217,10.944002,12.934133,-0.19807768,-4.1981297,3.2523484
2.212,-7.8767495,10.802108,13.308352,-0.19253707,-4.0872383,3.2955947
2.214,-8.421338,10.671373,13.662533,-0.17565572,-3.9560642,3.3454137
2.216,-8.969477,10.551552,13.993278,-0.14757097,-3.8050394,3.4012003
2.218,-9.519202,10.442438,14.297353,-0.10853243,-3.6346765,3.462225
2.22,-10.068205,10.343452,14.571675,-0.058921933,-3.445621,3.5276494
2.222,-10.6140585,10.254089,14.813446,0.00070798397,-3.2386775,3.596538
2.224,-11.154291,10.173768,15.019888,0.06963992,-3.0148618,3.6678698
2.226,-11.68642,10.10174,15.188865,0.1469891,-2.7753983,3.7405462
2.228,-12.207709,10.037574,15.31856,0.23167169,-2.5217314,3.813424
2.23,-12.715794,9.980687,15.407493,0.32241952,-2.2555537,3.8854048
2.232,-13.208302,9.930476,15.45482,0.41775262,-1.9788511,3.9554677
2.234,-13.682928,9.886665,15.460216,0.5160037,-1.6939087,4.022661
2.236,-14.137697,9.848941,15.423885,0.61538124,-1.4032617,4.086155
2.238,-14.570896,9.817124,15.3465395,0.7139858,-1.109647,4.145218
2.24,-14.981214,9.7911825,15.229473,0.80990314,-0.8159652,4.199238
2.242,-15.3674755,9.771165,15.074691,0.90125704,-0.52516043,4.2476964
2.244,-15.729,9.757261,14.884442,0.98624384,-0.24012274,4.290108
2.246,-16.065292,9.749924,14.661436,1.0632284,0.036432803,4.326125
2.248,-16.376162,9.749056,14.408507,1.1308231,0.3020422,4.3555193
2.25,-16.662008,9.7551775,14.12903,1.1878942,0.55462253,4.378157
2.252,-16.923122,9.768539,13.826534,1.2336557,0.7925773,4.3940234
2.254,-17.159836,9.78941,13.504547,1.267698,1.0148993,4.4032645
2.256,-17.372868,9.817843,13.166845,1.2899601,1.2211752,4.4061413
2.258,-17.562738,9.853851,12.816876,1.3007194,1.4115665,4.402995
2.26,-17.730211,9.897279,12.4582615,1.3005189,1.586726,4.394184
2.262,-17.87595,9.947846,12.094187,1.290148,1.747716,4.3800545
2.264,-18.000385,10.004856,11.727726,1.2705631,1.8959246,4.3609743
2.266,-18.104374,10.067716,11.361475,1.2428514,2.0329044,4.3372927
2.268,-18.187967,10.13553,10.997838,1.2081934,2.1602664,4.309321
2.27,-18.251488,10.207342,10.6387005,1.1678193,2.2795966,4.277317
2.272,-18.29522,10.281987,10.285649,1.1229703,2.3924174,4.241484
2.274,-18.319414,10.35823,9.939638,1.0749139,2.500184,4.2019806
2.276,-18.32407,10.434716,9.601236,1.024931,2.6042814,4.1589227
2.278,-18.30915,10.510229,9.270496,0.9742477,2.7060404,4.1123643
2.28,-18.274498,10.583356,8.947166,0.9240445,2.8066945,4.0623617
2.282,-18.220287,10.652922,8.630644,0.8754691,2.9074476,4.0089684
2.284,-18.14663,10.717642,8.31987,0.8295948,3.0094543,3.9521356
2.286,-18.053661,10.776481,8.013536,0.7873986,3.11385,3.8917766
2.288,-17.941673,10.828516,7.710037,0.7497418,3.2216825,3.8278098
2.29,-17.810719,10.872809,7.407611,0.717342,3.3338249,3.7601771
2.292,-17.661062,10.908387,7.104319,0.69072354,3.4508843,3.6888626
2.294,-17.493313,10.934763,6.7982073,0.6702018,3.5731237,3.6138875
2.296,-17.308243,10.951423,6.487416,0.6558825,3.7004085,3.535343
2.298,-17.106773,10.958079,6.1702724,0.6476964,3.8321404,3.4533663
2.3,-16.889969,10.9546585,5.845169,0.6453486,3.967254,3.368077
2.302,-16.658749,10.941123,5.510957,0.6483596,4.1042743,3.2795897
2.304,-16.413918,10.917274,5.1665387,0.65610325,4.2413187,3.1879961
2.306,-16.156815,10.882987,4.8113165,0.6678189,4.3761845,3.0933404
2.308,-15.888704,10.838594,4.4447494,0.6826484,4.506468,2.9955888
2.31,-15.611007,10.784475,4.0669184,0.69970834,4.6296854,2.8946614
2.312,-15.325077,10.721013,3.6784744,0.71811706,4.7434664,2.7904816
2.314,-15.032209,10.648378,3.2801828,0.7370459,4.845642,2.6829734
2.316,-14.7334385,10.566812,2.873376,0.7557528,4.9343615,2.572073
2.318,-14.429977,10.476551,2.459556,0.77355874,5.0081687,2.4577236
2.32,-14.122997,10.377895,2.0407119,0.7899027,5.066059,2.339932
2.322,-13.813517,10.271022,1.6191211,0.80434716,5.107522,2.2188046
2.324,-13.502525,10.156058,1.1969552,0.8165822,5.132517,2.0945203
2.326,-13.191252,10.0335045,0.7767725,0.82643783,5.141425,1.9673538
2.328,-12.880785,9.903635,0.36114168,0.8338381,5.1350083,1.8376682
2.33,-12.571896,9.766802,-0.04749632,0.8387994,5.114327,1.7058995
2.332,-12.265244,9.623179,-0.44690895,0.841462,5.080706,1.5725704
2.334,-11.961272,9.473024,-0.8348918,0.842015,5.03565,1.4382237
2.336,-11.66065,9.316653,-1.2094841,0.8406792,4.9807196,1.3034188
2.338,-11.363803,9.154122,-1.5690398,0.837687,4.9174814,1.168748
2.34,-11.071077,8.9856615,-1.9120798,0.8332827,4.847423,1.034808
2.342,-10.7829895,8.811855,-2.2375116,0.8277,4.771922,0.90216017
2.344,-10.499895,8.632991,-2.544526,0.82113725,4.6922164,0.7713111
2.346,-10.222128,8.449314,-2.8325052,0.8137723,4.6093726,0.64269984
2.348,-9.950003,8.261424,-3.1010761,0.8057337,4.524262,0.51670825
2.35,-9.683561,8.069573,-3.3500948,0.7970933,4.4375777,0.39362776
2.352,-9.423152,7.8742905,-3.5797668,0.7878901,4.3498697,0.27369064
2.354,-9.168946,7.6759863,-3.7902446,0.7781178,4.261573,0.15705878
2.356,-8.921249,7.4750233,-3.981804,0.76775694,4.1730027,0.043829203
2.358,-8.680096,7.272194,-4.154751,0.7567779,4.0844107,-0.065913856
2.36,-8.445257,7.0676,-4.3097377,0.74513835,3.9959729,-0.17210728
2.362,-8.217075,6.861601,-4.4473696,0.7327928,3.9078417,-0.27470475
2.364,-7.9954014,6.654569,-4.5683045,0.71969944,3.8201551,-0.3736571
2.366,-7.780281,6.4468336,-4.6733603,0.705828,3.7330425,-0.46892613
2.368,-7.571787,6.238617,-4.7632456,0.6911656,3.6466322,-0.56048256
2.37,-7.3697033,6.030284,-4.8387966,0.6756965,3.5610502,-0.64829206
2.372,-7.174025,5.8222103,-4.90065,0.65943104,3.4764094,-0.7323513
2.374,-6.9847054,5.614742,-4.9496126,0.6423833,3.3928223,-0.8126645
2.376,-6.8013144,5.408025,-4.9864664,0.62457126,3.3103807,-0.88926554
2.378,-6.623806,5.2022085,-5.012089,0.6060183,3.2291746,-0.96220386
2.38,-6.4519873,4.997531,-5.0271487,0.58675253,3.1492815,-1.0315474
2.382,-6.285629,4.794202,-5.0325828,0.566799,3.070746,-1.0973912
2.384,-6.124387,4.5923347,-5.029085,0.54617214,2.993599,-1.1598299
2.386,-5.968169,4.3921065,-5.0173388,0.52485913,2.917823,-1.218967
2.388,-5.816495,4.193513,-4.9980526,0.50284487,2.84337,-1.2749131
2.39,-5.6691914,3.9967437,-4.971879,0.48009062,2.77017,-1.3277698
2.392,-5.526026,3.8019843,-4.939462,0.45656222,2.6981292,-1.3776383
2.394,-5.3867216,3.609367,-4.901435,0.4322003,2.627129,-1.4246536
2.396,-5.2510066,3.4190035,-4.8583946,0.4069407,2.5570288,-1.4689274
2.398,-5.1186223,3.2311246,-4.810746,0.38071686,2.4876761,-1.5105767
2.4,-4.9894,3.0458663,-4.759038,0.35345566,2.41892,-1.5497265
2.402,-4.8630905,2.863512,-4.7037225,0.32508737,2.3506083,-1.5865057
2.404,-4.7395015,2.6842067,-4.645114,0.29555964,2.2826047,-1.6210315
2.406,-4.6185217,2.508327,-4.5835733,0.26481956,2.2147963,-1.653418
2.408,-4.499965,2.3361588,-4.5193615,0.23283976,2.1470706,-1.6837735
2.41,-4.383566,2.1680164,-4.452773,0.19959933,2.079342,-1.7121899
2.412,-4.2692003,2.004014,-4.384091,0.16509843,2.011557,-1.7387459
2.414,-4.1568947,1.8446604,-4.313374,0.12935281,1.9436694,-1.7635154
2.416,-4.046456,1.6902938,-4.2408686,0.09241855,1.8756717,-1.7865399
2.418,-3.9378252,1.5412047,-4.1666164,0.05435425,1.8075917,-1.8078557
2.42,-3.8307614,1.3977364,-4.0905867,0.0152385235,1.7394798,-1.8274829
2.422,-3.725186,1.2601663,-4.0130105,-0.024856508,1.6714176,-1.8454105
2.424,-3.620825,1.1287075,-3.9336321,-0.06583434,1.6035262,-1.8616385
2.426,-3.5176682,1.0036318,-3.8526723,-0.107592285,1.5359788,-1.8761526
2.428,-3.4155817,0.8851694,-3.7699456,-0.1500197,1.4689628,-1.8889334
2.43,-3.3144875,0.7733794,-3.685544,-0.1929949,1.4027,-1.899968
2.432,-3.2142034,0.66844594,-3.5994363,-0.23637742,1.3374412,-1.90926
2.434,-3.1146078,0.5704238,-3.51165,-0.2800299,1.2734613,-1.9168305
2.436,-3.015452,0.47925162,-3.422143,-0.323788,1.2110618,-1.9226987
2.438,-2.916601,0.3948328,-3.3310764,-0.36748075,1.1505497,-1.9269109
2.44,-2.817984,0.3171016,-3.2384384,-0.41090733,1.0922501,-1.9295291
2.442,-2.7193048,0.24582148,-3.144404,-0.45388398,1.0365028,-1.9306248
2.444,-2.6205056,0.18076307,-3.0490654,-0.49619126,0.9836233,-1.9302844
2.446,-2.5214825,0.121586084,-2.9526858,-0.5376375,0.93391335,-1.9285827
2.448,-2.4220014,0.06790739,-2.8553972,-0.5780158,0.88764477,-1.9255781
2.45,-2.3219295,0.01934892,-2.7574635,-0.61714035,0.8450167,-1.9213455
2.452,-2.2210732,-0.024639666,-2.6591587,-0.65484846,0.80616343,-1.9159393
2.454,-2.1194918,-0.06445563,-2.5606675,-0.6910084,0.7711419,-1.9094229
2.456,-2.0169044,-0.10058308,-2.4623356,-0.7255034,0.73992634,-1.9018477
2.458,-1.9134096,-0.13360637,-2.3644633,-0.7582618,0.7124089,-1.8932883
2.46,-1.8088624,-0.1640659,-2.2672966,-0.7892509,0.68838954,-1.8838242
2.462,-1.7031753,-0.19237244,-2.1710553,-0.81846166,0.6676189,-1.8735522
2.464,-1.5962808,-0.21905231,-2.0759783,-0.84590477,0.6497967,-1.862583
2.466,-1.4881037,-0.24451095,-1.9822917,-0.8716124,0.63458455,-1.8510683
2.468,-1.3789588,-0.26912123,-1.8901154,-0.8956312,0.6216442,-1.8391442
2.47,-1.268874,-0.2932647,-1.7995676,-0.9180163,0.61062825,-1.8269565
2.472,-1.1577461,-0.31717286,-1.7108331,-0.9388104,0.6012205,-1.81465
2.474,-1.0458575,-0.3410703,-1.6239911,-0.95806336,0.59312594,-1.8023636
2.476,-0.9331629,-0.3649943,-1.5391611,-0.9758072,0.5860774,-1.790204
2.478,-0.8198948,-0.3889544,-1.45624,-0.99208057,0.5798624,-1.7782524
2.48,-0.70623773,-0.41301873,-1.3752171,-1.0069155,0.5743025,-1.766573
2.482,-0.59230405,-0.4371226,-1.2961295,-1.0203394,0.5692731,-1.755194
2.484,-0.47828513,-0.46099165,-1.2189326,-1.0323714,0.5647062,-1.7441175
2.486,-0.36443835,-0.48440877,-1.1435088,-1.0430359,0.56056273,-1.7333212
2.488,-0.25089207,-0.50688946,-1.0697347,-1.052345,0.5568509,-1.7227498
2.49,-0.13782531,-0.52819675,-0.9975765,-1.0603065,0.55362165,-1.7123506
2.492,-0.025317878,-0.54783714,-0.92690057,-1.0669315,0.55093825,-1.7020427
2.494,0.086340025,-0.565399,-0.8574957,-1.0722353,0.54887426,-1.69172
2.496,0.19714575,-0.58039075,-0.7892637,-1.0762271,0.5475199,-1.6812733
2.498,0.30667567,-0.59223694,-0.7221023,-1.0789142,0.5469998,-1.6705892
2.5,0.41511247,-0.60057515,-0.65594995,-1.0802941,0.5474193,-1.6595296
2.502,0.5223892,-0.6049825,-0.5907896,-1.080368,0.54889023,-1.6479454
2.504,0.62856716,-0.6050519,-0.5265104,-1.0791173,0.5515322,-1.6356976
2.506,0.7334086,-0.6004164,-0.46312693,-1.0765119,0.5554376,-1.6226753
2.508,0.8372406,-0.59089196,-0.40067136,-1.0725318,0.5606998,-1.6087804
2.51,0.9399184,-0.5762697,-0.33915502,-1.0671616,0.5674093,-1.5939713
2.512,1.041538,-0.55643135,-0.27861413,-1.0603793,0.5756448,-1.5782372
2.514,1.1420768,-0.5313725,-0.21924984,-1.0521765,0.5854969,-1.5616144
2.516,1.2417146,-0.50128865,-0.16123,-1.0425665,0.5970523,-1.5441862
2.518,1.340461,-0.46639764,-0.104673475,-1.0315628,0.61039656,-1.5260794
2.52,1.4382827,-0.42688882,-0.0498237,-1.0192015,0.62560505,-1.5074317
2.522,1.5352254,-0.38315493,0.0030899048,-1.0055242,0.64274645,-1.4884346
2.524,1.631431,-0.33564526,0.053701222,-0.99057174,0.6618667,-1.4692725
2.526,1.7268126,-0.2849696,0.10189241,-0.97438246,0.6829952,-1.4501212
2.528,1.8215585,-0.23154214,0.14730322,-0.9569944,0.7061372,-1.4311411
2.53,1.9153696,-0.17604175,0.18962866,-0.9384532,0.73124367,-1.4124972
2.532,2.0083482,-0.118933946,0.22870165,-0.9188051,0.7582077,-1.3943392
2.534,2.1004202,-0.06078753,0.2640887,-0.89811623,0.78688145,-1.3767748
2.536,2.1916227,-0.0022435784,0.29587644,-0.87647253,0.81706655,-1.3599298
2.538,2.2818565,0.056183726,0.3236264,-0.8539758,0.8485087,-1.343918
2.54,2.3710744,0.114040226,0.34734595,-0.83074176,0.88092506,-1.3288276
2.542,2.4591482,0.17086127,0.3668623,-0.806906,0.9140122,-1.3147367
2.544,2.5462124,0.22631422,0.38219142,-0.7826234,0.94746476,-1.3016934
2.546,2.632011,0.2801588,0.39318657,-0.75805223,0.98097914,-1.2897046
2.548,2.7167227,0.33219194,0.40000927,-0.7333513,1.0143038,-1.2787353
2.55,2.8003294,0.38221648,0.40257382,-0.7086767,1.0471824,-1.2687076
2.552,2.8826404,0.43030977,0.40104276,-0.68418247,1.0794125,-1.2594798
2.554,2.963923,0.47646374,0.3955778,-0.6600096,1.1108556,-1.2509171
2.556,3.044218,0.5208212,0.3863178,-0.6362901,1.1414042,-1.242838
2.558,3.1234794,0.5635326,0.3735026,-0.6131323,1.1709986,-1.2350311
2.56,3.2017672,0.6047091,0.35734665,-0.5906377,1.1996228,-1.2273009
2.562,3.2792745,0.6446204,0.33801973,-0.5688719,1.2272954,-1.2194767
2.564,3.3561585,0.6834105,0.315656,-0.54787916,1.2540334,-1.2114139
2.566,3.432436,0.7214482,0.29046685,-0.52769315,1.2798833,-1.202998
2.568,3.5083282,0.7588128,0.26266086,-0.50831795,1.3048857,-1.1941751
2.57,3.583669,0.7957685,0.23227954,-0.48973268,1.3291013,-1.1849091
2.572,3.65855,0.83240986,0.19950938,-0.47192362,1.352582,-1.175193
2.574,3.7330894,0.86887515,0.1643933,-0.45484802,1.3753892,-1.1650472
2.576,3.8073955,0.9051014,0.12689298,-0.43846056,1.3975618,-1.1545136
2.578,3.881705,0.9412631,0.08708966,-0.4227417,1.4191344,-1.1436512
2.58,3.9559207,0.9773672,0.044996142,-0.40766925,1.4401277,-1.1325456
2.582,4.0300684,1.0133157,0.00066041946,-0.39322987,1.46054,-1.1213002
2.584,4.1041126,1.0489285,-0.045986652,-0.3794375,1.4803649,-1.110021
2.586,4.17802,1.0840354,-0.09509295,-0.36631304,1.4995961,-1.0988199
2.588,4.2518725,1.1184814,-0.14675498,-0.353892,1.518198,-1.0878282
2.59,4.325437,1.1521091,-0.2010948,-0.34221494,1.5361184,-1.0771487
2.592,4.3987203,1.1846967,-0.25812948,-0.33134723,1.553294,-1.0668616
2.594,4.471722,1.2159576,-0.318025,-0.32133433,1.5696306,-1.0570474
2.596,4.5441813,1.2456582,-0.38086474,-0.31222638,1.585011,-1.0477688
2.598,4.616005,1.2735264,-0.44664633,-0.30407244,1.599304,-1.0390583
2.6,4.686988,1.2994995,-0.5155171,-0.2968953,1.6123701,-1.0309484
2.602,4.7571306,1.3232962,-0.5873663,-0.29072917,1.6240447,-1.0234578
2.604,4.826389,1.3449129,-0.66221833,-0.2856077,1.634185,-1.0165741
2.606,4.8944736,1.364142,-0.740042,-0.28157207,1.6426414,-1.0102865
2.608,4.961333,1.3809792,-0.8207005,-0.27867424,1.6492938,-1.0045701
2.61,5.0266705,1.3953619,-0.90406775,-0.27698445,1.6540358,-0.99940115
2.612,5.0904665,1.4073325,-0.9899075,-0.27658975,1.6567972,-0.9947381
2.614,5.152401,1.4169286,-1.0780201,-0.27757955,1.6575315,-0.9905102
2.616,5.2125745,1.4241508,-1.1682407,-0.28004512,1.656213,-0.98663753
2.618,5.2706537,1.4291425,-1.260333,-0.2840808,1.6528461,-0.9830236
2.62,5.326668,1.4319692,-1.3539827,-0.28975308,1.6474345,-0.9795761
2.622,5.380457,1.4327824,-1.4489102,-0.29711923,1.6399902,-0.976177
2.624,5.4320207,1.4316381,-1.5448,-0.30622646,1.6305141,-0.9727229
2.626,5.481226,1.4287583,-1.6414238,-0.31707323,1.6190301,-0.9691208
2.628,5.527959,1.4241891,-1.7385492,-0.3296266,1.605543,-0.965291
2.63,5.5722704,1.4179204,-1.8358529,-0.34384128,1.5900846,-0.9611675
2.632,5.6141815,1.4100018,-1.9331789,-0.35963783,1.5726839,-0.95672774
2.634,5.653553,1.4003732,-2.0302353,-0.37692463,1.5533872,-0.9519469
2.636,5.690314,1.3891308,-2.127004,-0.39559555,1.5322592,-0.94683146
2.638,5.7245965,1.3759712,-2.2233293,-0.41552025,1.509373,-0.9413949
2.64,5.7564716,1.3608758,-2.3191142,-0.43656978,1.48479,-0.9356751
2.642,5.785879,1.3435308,-2.4143696,-0.45860204,1.4585897,-0.92971206
2.644,5.812904,1.323734,-2.5090935,-0.4814732,1.4308591,-0.9235577
2.646,5.837738,1.3012401,-2.6034422,-0.50503755,1.4016558,-0.91727126
2.648,5.86045,1.2758389,-2.697432,-0.5291718,1.3710481,-0.9109172
2.65,5.8811545,1.247195,-2.7912893,-0.55375403,1.3390638,-0.9045752
2.652,5.900049,1.2149978,-2.8852067,-0.5786939,1.3057182,-0.89832866
2.654,5.917043,1.1790044,-2.9793394,-0.60393286,1.2710327,-0.8922597
2.656,5.932509,1.1389091,-3.073863,-0.62943935,1.2350177,-0.8864643
2.658,5.94635,1.0945466,-3.1690068,-0.65522146,1.1976733,-0.8810284
2.66,5.9588547,1.045682,-3.2650347,-0.6813072,1.1590052,-0.87600607
2.662,5.9702663,0.99213266,-3.3620157,-0.7077379,1.1190002,-0.8714206
2.664,5.9804525,0.9339904,-3.4601617,-0.7345749,1.0776584,-0.8672726
2.666,5.989646,0.8711193,-3.5595663,-0.7618855,1.034961,-0.86352986
2.668,5.997963,0.8036469,-3.6602936,-0.7897246,0.9908861,-0.8601252
2.67,6.005395,0.73179793,-3.762373,-0.81813955,0.9454074,-0.8569684
2.672,6.011859,0.65579075,-3.8656478,-0.84714985,0.8985063,-0.853956
2.674,6.01749,0.5758915,-3.9699368,-0.8767522,0.85016835,-0.85096157
2.676,6.0222144,0.49248195,-4.075052,-0.9069025,0.8003836,-0.8478809
2.678,6.0266013,0.40765327,-4.1792216,-0.9375491,0.74914885,-0.84461707
2.68,6.0302653,0.32063502,-4.2833576,-0.9686216,0.6964778,-0.841072
2.682,6.033136,0.2319535,-4.387119,-1.0000409,0.64242095,-0.83715737
2.684,6.0350914,0.14230138,-4.489966,-1.0317016,0.58703554,-0.8327903
2.686,6.0359817,0.05238968,-4.5913706,-1.0634859,0.5304153,-0.8278778
2.688,6.035725,-0.037232876,-4.6908755,-1.0952841,0.47268245,-0.8223129
2.69,6.0342546,-0.12585819,-4.78797,-1.1269721,0.41398925,-0.81597364
2.692,6.031527,-0.21288246,-4.8821697,-1.1584307,0.35451502,-0.80873466
2.694,6.0275874,-0.29768622,-4.9729457,-1.1895211,0.29446676,-0.8004548
2.696,6.022361,-0.37968975,-5.0597997,-1.2201042,0.23408741,-0.79100627
2.698,6.0158043,-0.45847112,-5.1424103,-1.2500362,0.17361364,-0.7802752
2.7,6.0080647,-0.5336018,-5.220458,-1.2791561,0.1132918,-0.76816434
2.702,5.9991074,-0.60477346,-5.2937346,-1.3073051,0.05336237,-0.7546017
2.704,5.988945,-0.6717113,-5.362022,-1.3343229,-0.0059420466,-0.73955417
2.706,5.977845,-0.734249,-5.425243,-1.3595111,-0.06263533,-0.72386825
2.708,5.965743,-0.7923317,-5.483452,-1.3830762,-0.11747733,-0.70725
2.71,5.9528947,-0.8459953,-5.536623,-1.4048531,-0.17005405,-0.6899514
2.712,5.939225,-0.89517605,-5.584958,-1.4247069,-0.2199623,-0.6722811
2.714,5.9248886,-0.9400892,-5.628604,-1.4425693,-0.2668466,-0.65457237
2.716,5.910089,-0.980757,-5.667712,-1.4584303,-0.31040967,-0.63715255
2.718,5.894962,-1.0174602,-5.7025385,-1.4723301,-0.3504554,-0.620311
2.72,5.879632,-1.0502774,-5.733321,-1.4843647,-0.38689223,-0.6042942
2.722,5.864134,-1.0795456,-5.760313,-1.4946749,-0.41973665,-0.5892811
2.724,5.848731,-1.1054885,-5.7838807,-1.5034311,-0.44911087,-0.57537985
2.726,5.833421,-1.1283108,-5.8042192,-1.5108179,-0.47521365,-0.5626387
2.728,5.818206,-1.1482546,-5.82159,-1.5170212,-0.49830568,-0.55105907
